207
NEW_WP_033838537.1_1-315                                                 0.0000000 1.3158632 1.3567842 1.4008925 2.7331217 2.2707929 2.4674383 2.2773821 2.3818071 2.3529102 2.3383595 2.3667615 2.3716334 2.2452891 2.2233308 2.2160232 2.1359864 2.1534976 2.1563244 2.1558321 2.0912636 2.1944829 2.1177304 2.1581733 2.1207027 2.1197582 2.1428197 2.1565738 2.0873668 2.0589726 2.1025162 2.1017153 2.1232379 1.8951313 2.0254714 1.9704285 2.0794315 1.9599326 2.0797162 2.0431837 2.0203370 2.2035628 2.1233041 2.1837217 2.3492133 2.2656099 2.3093751 2.4500963 2.1679955 2.1572957 2.1618829 2.0360264 1.9528159 2.0886385 1.9342941 1.9888391 1.9565071 1.8652346 2.1330258 1.9378514 2.1555059 2.0507440 2.1244396 2.1389181 2.1164415 2.2026228 2.1754234 1.9448116 1.9448116 1.8955840 1.9415234 1.9195206 1.9896200 2.0100469 2.6980345 2.5331275 2.5429318 2.8401874 2.5438123 2.3469199 2.1652196 2.1438929 2.1525020 2.1722432 2.1407297 2.1361273 2.1303877 2.3778758 2.1514056 2.0922047 2.0492607 1.9515832 2.0359222 2.2007279 2.1813929 2.3272428 2.3528012 2.2015024 2.1406226 2.2381553 2.1998178 2.3033202 2.2504260 2.2112280 2.2295617 2.3142539 2.2488093 2.3619160 2.2255363 2.2794872 2.2748582 2.1510221 2.1474758 2.1202628 2.2140660 2.2521192 2.4699424 2.1901423 2.4184636 2.4366412 2.4279590 2.2411798 2.1124274 2.3652389 2.3415599 2.1429912 2.1641770 2.2134794 2.2691147 2.0068562 2.0211654 2.0722819 2.1740925 2.2510275 2.2572651 2.1595688 2.2642046 2.2589868 2.2935002 2.1255163 2.4505289 2.2871559 2.2501052 2.1817518 2.4070245 2.4084489 2.3268151 2.3437293 2.2738999 2.3439355 2.2429657 2.1260159 2.1127030 2.0833584 2.0026193 2.1637592 2.2391488 2.1847463 2.3096783 2.3437727 2.2189028 2.2617896 2.2031900 2.2122461 2.4705822 2.1360217 1.9946326 2.4434836 2.2576734 2.2751310 2.1864027 2.4518595 2.4691047 2.5121712 2.2783117 2.1805098 2.3128106 2.2282605 2.2223708 2.1615134 2.3247217 2.1746829 2.3316094 2.0996663 2.1133635 2.3725132 2.4309646 2.3152850 2.4500161 2.8536099 2.2360211 2.4078764 2.3466338 2.5229588 2.6379412 2.3703474 2.3380855 2.5445290 2.5147864 2.5864989 3.8392508 3.2336268 2.9693862 2.9495291 3.3571242 3.7185272 3.6833720 
NEW_CUH81468.1_1-320                                                     1.3158632 0.0000000 0.0032072 0.4735763 2.4922313 2.5168430 2.6170994 2.3168907 2.3881841 2.6177447 2.6276020 2.6250826 2.4445202 2.4441131 2.4737159 2.4653412 2.7618285 2.7928102 2.7784260 2.7097283 3.0137219 2.5555465 2.6895209 2.7330929 2.8949442 2.9651362 2.8936127 2.8858229 2.8570067 2.8835066 2.9266117 2.9085735 2.8706977 2.8241981 2.8949197 2.4420541 2.7389544 2.6763877 2.8151345 2.8440217 2.8946395 2.5953617 3.0002923 3.0695298 3.0782360 3.0171884 3.0796916 3.0618865 2.7405435 2.6937714 2.7043973 2.6355953 2.9327561 2.6573156 2.3124116 2.4322185 2.4263197 2.4319076 2.7217396 2.6402702 2.8231799 2.7019536 2.7711328 2.7745372 2.8116412 2.7851103 2.6175526 2.6311745 2.6311745 2.5822272 2.6434552 2.6161897 2.6454451 2.6297116 3.4869327 2.7752109 2.6945104 3.0136662 2.9895559 2.6291799 2.2839165 2.3560996 2.3976662 2.3471317 2.4826324 2.2968390 2.2905768 3.2369007 2.3218123 2.1847787 2.2851209 2.2237522 2.3920170 2.3363689 2.4083537 2.3096095 2.5845887 2.2921945 2.2715034 2.4313153 2.3897330 2.4800760 2.2942802 2.3151654 2.3342182 2.4488979 2.5433201 2.5126738 2.4145804 2.3957941 2.5859645 2.4596524 2.3561898 2.3533687 2.5382710 2.5737142 2.6755316 2.3620067 2.2802266 2.3492792 2.3992214 2.4351082 2.4675000 2.3558489 2.3798701 2.3047657 2.3319709 2.3611965 2.2792366 2.2023423 2.2364285 2.2877827 2.2490885 2.4908101 2.4509915 2.4305880 2.3457538 2.4129862 2.4062632 2.4947679 2.6760275 2.6857097 2.1974547 2.5109923 2.5263193 2.7221825 2.6654810 2.7224595 2.5587754 2.4677558 2.5230703 2.4729469 2.2861390 2.4752864 2.4001125 2.4414926 2.3694019 2.5900214 2.6769711 2.6264423 2.4886988 2.8407432 2.5123368 2.4759542 2.6519514 2.3944170 2.4058165 2.7696282 2.3972956 2.5210335 2.4828063 2.6764556 2.7882013 2.3851067 2.5684609 2.4335433 2.4426042 2.4118295 2.5628821 2.3274193 2.5645080 2.6406619 2.6276394 2.7560186 2.7809434 2.8893829 3.1475438 2.7290314 2.8083725 3.1387966 2.8607394 3.1274543 3.0654708 2.9346982 2.9517875 2.8361489 2.9778387 2.9761444 2.9795538 3.0303251 3.6687394 3.3497768 3.3838247 3.5049809 3.1655719 3.9865070 3.9715951 
NEW_WP_058291633.1_1-298                                                 1.3567842 0.0032072 0.0000000 0.4413356 2.4325215 2.4450259 2.6006206 2.2586557 2.3305306 2.5834442 2.5916506 2.5784378 2.3676484 2.4672659 2.5163281 2.4903459 2.7779249 2.8093053 2.7946850 2.7779249 2.9840382 2.5697424 2.5835385 2.6277657 2.7694655 2.8382197 2.7645656 2.7565792 2.7505344 2.7783293 2.7943346 2.7894836 2.7535822 2.7086850 2.8104131 2.4220589 2.6964133 2.5925058 2.8114621 2.8440217 2.6903136 2.5170596 2.8427069 2.8925385 2.9875835 2.9307747 2.9949282 2.9548384 2.6582377 2.6937714 2.6036303 2.5145749 2.8013013 2.5889664 2.3266924 2.4482110 2.4419229 2.4163501 2.8576829 2.5222039 2.8251494 2.5526039 2.7325864 2.7351902 2.7814501 2.7876178 2.6802892 2.6074810 2.6074810 2.5554128 2.6205520 2.5915542 2.6227371 2.6033355 3.4594893 2.7901550 2.6907444 3.0095328 3.0064383 2.6429927 2.2447605 2.3179357 2.3793873 2.3244735 2.4599543 2.2566485 2.2645759 3.2369007 2.2965340 2.1510720 2.2822405 2.2485440 2.3779211 2.3097421 2.3926962 2.2613479 2.5649235 2.2695240 2.2825049 2.4672709 2.4237109 2.4391954 2.2526453 2.2918777 2.3114300 2.3983554 2.5385568 2.4506663 2.4176567 2.3300316 2.5498734 2.4351699 2.3673029 2.3643791 2.5143826 2.5509355 2.6610524 2.3335726 2.2532470 2.3238764 2.3812209 2.4683455 2.4649154 2.3620828 2.3716891 2.2908299 2.3030278 2.3361391 2.2435344 2.1681788 2.2292235 2.2725681 2.2326363 2.4682644 2.4275604 2.4066304 2.3198927 2.3964922 2.3755835 2.5260429 2.6328371 2.6358081 2.1547822 2.4735089 2.4989254 2.7003167 2.6418503 2.7004479 2.5317052 2.4468917 2.5181603 2.5021962 2.2482759 2.4352721 2.4121535 2.5050267 2.3603446 2.5628061 2.6516251 2.6684657 2.5282543 2.8603220 2.5853663 2.5400154 2.7562566 2.3738854 2.4337853 2.8031053 2.4111228 2.5284371 2.4622228 2.6722719 2.7910889 2.3575751 2.5623330 2.3974998 2.4935164 2.4397382 2.5940606 2.3546013 2.4915711 2.6734007 2.5672327 2.7901871 2.7663056 2.9436650 3.1047236 2.7627454 2.7621968 3.2324452 2.8970834 3.1274543 3.0509447 3.0416470 2.9926944 2.8664317 2.9818788 2.7461168 2.8002067 2.9125354 3.6636970 3.3451315 3.3791615 3.5001584 3.1612084 3.9152573 3.9007769 
NEW_CUI85963.1_1-319                                                     1.4008925 0.4735763 0.4413356 0.0000000 3.0696399 3.0106759 3.0759732 2.9405323 2.8191865 3.1334832 3.2049634 3.2408817 3.0340625 2.6047693 2.6496792 2.6407280 2.4725161 2.4999959 2.5246049 2.6048811 2.7746848 2.2391074 2.4309513 2.4486132 2.4680279 2.3981165 2.4357992 2.4723770 2.5476722 2.4639545 2.3901596 2.4046576 2.3927969 2.5316513 2.4809871 2.2066426 2.3876691 2.4843757 2.4972889 2.5792633 2.3892602 2.5166545 2.8452686 2.8392534 3.0016026 2.9028337 2.9628207 2.9801332 2.6065946 2.6909545 2.7152238 2.5640185 2.6265414 2.6995087 2.2914508 2.4350149 2.3474135 2.4093304 2.7817271 2.4603573 2.5983094 2.5576990 2.6107561 2.9341849 2.7183260 2.7411652 2.7046557 2.5765067 2.5828370 2.5738873 2.5915634 2.5604303 2.5707156 2.5034632 3.2381987 2.7570044 2.8075945 2.9375536 3.0845733 2.6106922 2.2524367 2.3875798 2.4188762 2.4499923 2.4002211 2.4778251 2.4707839 3.3005174 2.4864266 2.3573918 2.2206430 2.1605310 2.3958182 2.2854646 2.4807336 2.4609159 2.5188930 2.3439180 2.4396095 2.4792387 2.4360845 2.4579163 2.2776726 2.3961529 2.4162189 2.2883236 2.3930431 2.4702449 2.3154521 2.4842102 2.4983405 2.4473450 2.3921053 2.3599785 2.5313026 2.5636217 2.5518990 2.3610346 2.4853073 2.5001325 2.4719674 2.3607866 2.3614251 2.3022829 2.3707477 2.2534316 2.3424883 2.3268773 2.2752820 2.1415051 2.1215895 2.2388884 2.2577002 2.5228926 2.4921948 2.4911979 2.4802845 2.4821365 2.4805085 2.3574148 2.6669096 2.6144300 2.2285182 2.5154457 2.6373619 2.8332598 2.7789874 2.8767919 2.5173779 2.6075890 2.5654692 2.4896065 2.1723528 2.5762915 2.3414607 2.4588946 2.4384211 2.5424199 2.6280500 2.6149932 2.4856864 2.6472944 2.5670419 2.3997881 2.3996055 2.4705086 2.4178191 2.5128534 2.4141414 2.4124937 2.4087733 2.7718239 2.8520362 2.3705545 2.4468260 2.4272502 2.3403042 2.4018106 2.6743056 2.4165887 2.7335716 2.6312739 2.5962033 2.7516023 2.6757584 2.9375648 3.2188664 2.8371186 2.9305762 3.1192214 2.8978887 3.1707585 3.1448861 2.9758655 2.9319650 2.6920846 2.8299071 3.0353844 2.9180504 2.9614651 3.8827376 3.4651312 3.4291441 3.6364592 3.3837670 3.9242880 3.8875649 
NEW_WP_068087709.1_1-322                                                 2.7331217 2.4922313 2.4325215 3.0696399 0.0000000 0.4028391 0.4556904 0.5408757 0.5596238 0.5894363 0.5538077 0.5494300 0.5214365 1.0866088 1.1148265 1.0965441 1.8555780 1.8884964 1.8653924 1.7466899 1.5619600 2.6176922 2.4139094 2.4273029 1.9314274 2.1138693 2.1032707 2.1056490 1.9507233 1.9684444 2.0710601 2.1216367 2.1867869 2.0673122 2.2238091 2.0158080 2.0714211 1.9961527 2.1376735 2.2005371 2.0524353 2.0867508 2.2637011 2.2284361 2.1985187 2.2436038 2.2700651 2.1981801 2.1123778 2.0617425 2.2180384 2.1367493 2.1251386 2.1620316 2.1028593 2.1703332 2.1625609 2.1032240 1.9259748 2.2152293 2.1844717 2.0073296 2.2003264 2.2941884 2.5278137 2.3649195 2.3900945 2.6489190 2.6489190 2.6006269 2.6260551 2.5804394 2.6100032 2.5828022 3.2933868 2.0441295 2.0481183 2.4573972 2.5762813 2.2546852 2.6395408 2.6482471 2.6303552 2.6600944 2.8850466 2.6506592 2.6766021 4.5294687 2.7054733 2.6294456 2.6673875 2.6149944 2.6231724 2.7602279 2.8348250 2.7291622 2.8247930 2.8022486 2.7967966 2.6807528 2.7220197 2.7891825 2.7039153 2.7843248 2.7809325 2.9353428 2.8746258 3.1728361 2.7677756 2.8269855 2.8395478 2.8491701 2.7939590 2.8641930 3.1727509 3.1930218 2.9970999 2.9215238 2.9380346 2.9687928 2.8994672 2.7881054 2.8967328 2.6927095 2.6956381 2.7890577 2.6744172 2.6666523 2.6494068 2.6884066 2.7032780 2.6380495 2.6547433 2.8582924 2.8171319 2.8885969 2.8305019 2.9723884 2.8266829 2.8362465 2.9126791 3.0466879 2.7731529 2.7922032 3.1094531 3.0109055 2.9615296 2.9889569 2.8445824 2.8481230 2.9484194 2.9007017 3.0287875 2.7400793 3.0827874 2.7969436 2.8331123 2.8150776 2.7227940 2.8426027 2.8215741 2.9949047 2.7973176 2.6726875 3.0137363 2.8570919 2.8306262 3.3529278 3.0027987 2.9348230 2.8156625 2.9811543 3.0547817 3.0712140 2.8238708 2.9691960 2.9881220 2.6345006 2.9253037 2.8390337 2.8795440 2.8917012 3.0718443 3.0199688 2.9372059 2.7970295 3.3071661 3.0072760 3.0470532 4.0394668 3.2238352 3.1602069 3.0524263 3.0950898 3.3723479 3.4011655 3.5108676 3.1016377 3.2164223 3.1895832 4.6510584 3.4032662 4.0393547 4.2073481 4.2712340 4.6618315 4.6718380 
NEW_WP_066812211.1_1-321                                                 2.2707929 2.5168430 2.4450259 3.0106759 0.4028391 0.0000000 0.3671779 0.4454305 0.4741101 0.5315627 0.4985416 0.4920956 0.4960939 0.9616722 0.9679233 0.9709181 1.6608538 1.6676808 1.6768567 1.5711598 1.5666781 2.4688954 2.7800576 2.8222063 1.9023888 2.0745201 2.0542684 2.0477053 1.9451564 1.9768439 1.9907610 1.9020671 1.9521974 1.9379710 2.1590202 1.9484410 1.9350095 1.7577057 1.9503746 1.9542313 2.1118936 1.9147062 2.2181757 2.2686626 2.0630098 2.0503845 2.0889743 2.0591601 2.0213345 1.9647620 2.1882169 2.0482963 1.9199255 2.0143994 2.1627235 2.1850307 2.1892609 2.1382082 1.9918417 2.1540170 2.0301703 1.9561837 2.2194469 2.0943111 2.1668970 2.1823188 2.1515243 2.5231845 2.5231845 2.4917165 2.5189580 2.4926365 2.5029041 2.4779812 3.2085583 2.1308005 2.0086277 2.3882732 2.6468705 2.2407782 2.7870763 2.7903967 2.7901066 2.7837108 2.9416647 2.8662474 2.8960999 5.4030930 2.9424927 2.7288720 2.7398079 2.5952727 2.8694233 3.0133272 2.8774524 2.9373112 3.0139429 2.9611115 2.9264323 2.7773230 2.8404227 2.7837047 2.8483586 2.8617323 2.8948494 3.1571293 3.0376794 3.2109447 2.8013869 3.0201818 2.9406474 2.9738555 2.8122617 2.8914153 3.0989907 3.1659755 3.0769291 3.0351017 3.0038883 2.9919498 3.0236725 2.7206271 2.8432586 2.8090302 2.8358547 2.8640725 2.7769916 2.7389713 2.7059341 2.6374611 2.7671501 2.7203735 2.7679812 2.8547664 2.8560845 2.8358382 2.9523709 2.9503106 2.8848621 2.8907683 3.0803488 3.0978730 2.7905724 2.7396499 2.8361538 2.9152654 2.9293647 2.8133171 2.9007684 2.9800697 2.8977219 2.8099853 3.0003011 2.8597302 2.9728448 2.8993672 2.9381038 2.7404383 2.6837318 2.9376375 2.7026585 3.0426491 2.7253816 2.6128244 2.8985194 2.6973313 2.6647546 3.1347406 2.9716498 2.9905773 2.9731377 3.0433808 3.0730522 3.1253479 2.7521976 2.9432943 2.8610755 2.7059322 2.7860315 2.8491986 2.8916703 2.6411170 3.0771130 2.9016693 2.7968739 2.7482621 3.1562604 2.7556153 2.8114934 3.8026007 2.9476519 3.1658289 3.0657667 2.8913513 3.0781955 3.1203511 3.1621775 2.8588753 3.0630647 3.0221745 4.3304562 3.4018212 3.9510925 4.2385122 4.3867435 4.4629498 4.5054983 
NEW_WP_007705260.1_1-322                                                 2.4674383 2.6170994 2.6006206 3.0759732 0.4556904 0.3671779 0.0000000 0.5111402 0.5362358 0.5399455 0.5222985 0.5159094 0.4930700 0.9455932 0.9351494 0.9223182 1.7035127 1.7381438 1.7126632 1.5637115 1.6635849 2.5057209 2.5580135 2.5730683 2.0555729 2.2512160 2.1379734 2.1272145 2.0622554 2.1156716 2.0694859 2.0425749 2.1259408 2.1015971 2.2183425 1.9593286 2.0857090 1.9469838 2.0876199 2.0817805 2.3147459 2.1423716 2.3690930 2.4103952 2.2057197 2.1333315 2.1740630 2.1502846 2.2929563 2.2133834 2.3042058 2.1961828 2.1640691 2.2057707 2.2628735 2.3376245 2.3435378 2.2425585 2.0270110 2.3250316 2.1897510 1.9421529 2.1177461 2.2531094 2.3510228 2.2725646 2.1186246 2.5797834 2.5797834 2.5958204 2.6213565 2.6073721 2.6249060 2.4729364 3.3328147 1.9812446 2.0732950 2.3526340 2.5995594 2.3222598 2.8110021 2.7335727 2.7019259 2.6903946 2.8139311 2.6776391 2.6970844 4.2030645 2.7378372 2.6439102 2.7511545 2.6304301 2.7428282 2.7504406 2.8729846 2.9842283 2.7842526 2.9974156 2.8451134 2.6379803 2.6789287 2.7592909 2.7149149 2.8571140 2.8535813 2.8870039 2.8446871 2.9977413 2.7883008 2.8881070 2.8975116 2.8338947 2.7947351 2.8297922 3.1835245 3.2268963 3.1156355 2.9150754 3.0272885 3.0036425 3.0144080 2.9072073 2.6221046 2.6709837 2.6528469 2.8666744 2.7552607 2.7934394 2.7244248 2.6667285 2.7559196 2.6787296 2.6789319 2.8600439 2.8877759 2.8859068 2.9929457 2.9863785 2.9042111 2.8904720 2.9482971 3.1354930 2.8822013 2.6983343 2.9345207 2.8256152 2.8906296 2.9324479 2.9126641 2.8948092 2.9634184 2.8841625 3.1924184 2.9513499 2.9650888 2.9668733 2.9260456 2.8726770 2.8377612 2.8927165 3.0382897 3.1251681 2.8506258 2.7206749 3.0817618 2.9678195 2.8811006 3.2557963 3.1199738 2.9399977 2.8056515 3.1408906 3.1838867 2.9362851 2.8527692 2.8068995 2.6826096 2.7568833 2.8269853 2.8426453 2.9960907 2.7699933 2.8709547 3.0041369 2.9611985 2.8684064 3.2691653 2.7874409 2.8883093 3.9326053 3.0293319 3.2637451 3.1088891 2.9828429 3.1287089 3.0803852 3.1323444 2.8113188 2.9335368 3.0784469 4.6288359 3.4083757 4.1834982 4.5200832 4.0102169 4.6620392 4.6885155 
NEW_WP_021691523.1_1-318                                                 2.2773821 2.3168907 2.2586557 2.9405323 0.5408757 0.4454305 0.5111402 0.0000000 0.5834053 0.5196608 0.5266882 0.5202893 0.5089313 1.0560873 1.0356664 1.0353270 1.6544612 1.6639588 1.6633517 1.5233078 1.6882803 2.4630051 2.6702944 2.7115765 2.1620561 2.2562774 2.2912999 2.2921657 2.1102710 2.0624141 2.1439797 2.1277568 2.2170040 2.0116369 2.1780091 1.9765665 1.9903731 1.9226899 2.0179579 2.0026201 2.2258736 2.0433503 2.2638099 2.3729355 2.2345831 2.3001845 2.3377126 2.2400580 2.1101431 2.0490519 2.2590280 2.1920930 2.2364352 2.1698726 2.3674832 2.4594016 2.4929562 2.2993067 2.0036823 2.2370702 2.2615492 1.8393667 2.1240674 2.0683354 2.2933686 2.2628110 2.1061557 2.3034219 2.3034219 2.2599850 2.2964729 2.2775538 2.3333032 2.2722218 2.9209716 2.1066776 2.1369988 2.4504369 2.5286583 2.0141584 2.4793766 2.5370901 2.5034676 2.5450200 2.6807990 2.6132239 2.5794562 3.8104730 2.6079934 2.4832713 2.5359157 2.4273088 2.6634292 2.6516167 2.7356132 2.5962966 2.7214134 2.6949945 2.6315090 2.5464661 2.5618699 2.6361965 2.5731955 2.6432715 2.6559298 2.7619594 2.7795727 2.9131208 2.5395240 2.6557069 2.6702752 2.6812287 2.6410581 2.7087354 2.9972995 3.0426478 2.7764107 2.7958349 2.7319798 2.7126375 2.7201340 2.6354376 2.6936998 2.6600398 2.6657315 2.6425037 2.6102198 2.5473111 2.5020223 2.4340114 2.5227867 2.6300635 2.5950104 2.6451091 2.6554915 2.7674987 2.7572154 2.8909202 2.7576203 2.7096024 2.9080401 2.9668939 2.5205266 2.6174195 2.8393899 2.7668709 2.8083400 2.7094683 2.7992034 2.7127792 2.6808824 2.6124694 2.7915152 2.7807646 2.7199657 2.8183740 2.6049481 2.6208089 2.6467109 2.8211405 2.7098943 2.7771120 2.6313724 2.5456920 2.8334511 2.6309834 2.5925467 3.0541545 2.9559695 2.8651893 2.7616648 2.8070310 2.8301395 2.9279719 2.7267143 2.8227173 2.4954681 2.4401084 2.6850460 2.5080587 2.8149604 2.5736199 2.8187802 2.7748276 2.7460451 2.6026323 2.9539457 2.7054910 2.7222525 3.5793457 2.8835475 3.1225552 3.0699131 2.8677781 2.6554337 2.7193111 2.7947975 2.8373476 2.8296477 2.8766383 3.8932286 3.2363936 3.3966486 4.4007835 3.8033765 3.6327781 3.6999213 
NEW_WP_062013466.1_1-322                                                 2.3818071 2.3881841 2.3305306 2.8191865 0.5596238 0.4741101 0.5362358 0.5834053 0.0000000 0.6351372 0.6193804 0.6135558 0.5451321 1.0439022 1.0437147 1.0469399 1.8117757 1.8480702 1.8213670 1.7348462 1.5624707 2.5337843 2.4499230 2.4722044 1.9145318 2.0681385 2.1055430 2.1042648 1.9633631 2.0029390 1.9286506 1.9476323 1.9762800 2.0019478 1.9605967 1.8480989 1.8642940 1.8433163 1.9642834 1.9702252 1.9396553 2.1817277 2.1510695 2.1254035 2.1265496 2.1608786 2.1959974 2.1126717 2.0351703 1.9611656 2.0557104 1.9968956 2.0025746 2.0275242 2.2747747 2.2985250 2.2960969 2.2245561 2.0740977 2.2046682 2.0355502 1.8213033 1.9615064 1.9038702 2.0724653 2.1546958 2.0562884 2.4180797 2.4180797 2.3812990 2.4206177 2.3918071 2.4243198 2.3872377 3.2861509 2.2038731 2.1020828 2.2431041 2.4981382 2.3834390 2.5369603 2.4760747 2.4100291 2.5062548 2.7065790 2.4983564 2.5224798 3.9035398 2.5693373 2.4559070 2.6004222 2.5227969 2.5678697 2.6585229 2.6464715 2.5949505 2.7505112 2.5874826 2.7126772 2.5223229 2.5610630 2.5772532 2.6567153 2.7564141 2.7530124 2.6674006 2.7045923 2.9125616 2.6166487 2.6004655 2.7868173 2.7861276 2.7198689 2.7404708 2.9678362 2.9999250 2.8941756 2.8184125 2.6820062 2.7309893 2.5323795 2.5115335 2.6695953 2.5693192 2.5090144 2.7460777 2.6389668 2.5661252 2.5602946 2.4295852 2.4872941 2.5072267 2.5613649 2.6817371 2.6663904 2.6926774 2.6726883 2.7824055 2.6734544 2.6937529 2.7039421 2.8468417 2.4936607 2.6869797 2.8192450 2.7402846 2.7806209 2.6840858 2.8698057 2.6099705 2.8638070 2.7709730 2.7557671 2.6664137 2.7364188 2.5894893 2.6745969 2.7552879 2.7274773 2.8175944 2.7420504 2.9482707 2.7149773 2.5886365 2.7647180 2.8230982 2.7569730 3.2228852 3.0202932 2.8310989 2.6498660 2.9353439 2.9639452 2.8656103 2.6813038 2.8072246 2.8369160 2.6084107 2.5610768 2.6455291 2.8688006 2.7719179 3.0100144 2.8883187 2.8662192 2.7020358 3.3678082 2.8375799 2.9491903 3.5599660 2.8640214 3.2209802 3.0413881 2.8800973 3.0579020 2.8137838 3.0157404 3.0323214 3.0474359 3.1845661 4.5399328 3.0150682 3.8698803 4.1428027 4.0977642 4.7678054 4.7484601 
NEW_WP_020050092.1_1-322                                                 2.3529102 2.6177447 2.5834442 3.1334832 0.5894363 0.5315627 0.5399455 0.5196608 0.6351372 0.0000000 0.0770685 0.0704515 0.5364877 1.0802313 1.0821873 1.0819640 1.7489315 1.7781705 1.7583375 1.6296855 1.6536347 2.3470921 2.5776443 2.6008009 2.0853017 2.2332396 2.2920713 2.2908502 2.0818868 2.1406683 2.2308741 2.1643518 2.2781398 2.2269343 2.2881045 2.2082048 2.1164581 2.0652711 2.1424187 2.1644614 2.3381512 2.2566781 2.3765875 2.4447316 2.2143565 2.1877072 2.2232613 2.2943215 2.1828105 2.1461021 2.2410320 2.1694019 2.1552582 2.2318748 2.3290063 2.3623907 2.3256262 2.2363253 2.1659297 2.0527806 2.1837234 2.0610111 2.0874558 1.9863207 2.0856709 2.0601234 2.1628394 2.1931770 2.1931770 2.1012727 2.1419979 2.1305049 2.1123807 2.1031983 3.3545030 2.0472280 1.9757099 2.3760165 2.4929624 2.2718089 2.8505997 2.9615851 2.7997005 2.9059900 3.0807610 2.8994285 2.9050660 5.0534189 2.9429323 2.7883402 2.8917348 2.8047707 2.9697331 2.9243101 3.0858782 2.9350417 3.0404784 3.0655919 2.9665705 2.7175646 2.7778426 3.0100178 3.0067054 2.8310442 2.8633933 3.1427022 2.9956215 3.1230900 2.8235844 2.9233871 3.0847620 3.0023882 2.8958633 2.9756258 3.2219489 3.2465249 3.1419896 3.0411197 3.2023188 3.1215818 3.1082094 2.8190054 2.7917594 2.7990207 2.8343180 2.9001697 2.7913232 2.8179092 2.7960528 2.6669135 2.8929090 2.6899794 2.7292163 3.0437858 3.0471663 3.0993989 3.0083927 3.1021815 3.0334580 2.9761736 3.1971753 3.2050300 2.9122964 2.8919598 3.1650184 3.0937181 3.1610173 3.0169315 3.0706406 2.9116376 2.8835246 2.8553633 3.2228432 3.0550343 3.3044413 3.1091973 3.1246901 2.9207208 2.8915543 3.1959108 2.9600378 3.2014495 2.8347636 2.7938459 3.1807573 2.9495441 2.8370571 3.3621898 3.1697293 3.1908067 3.0600396 3.2627069 3.3114937 3.1338081 2.8584228 3.1198200 2.9859797 2.6912579 2.9423110 2.8969209 3.0819376 3.0336138 3.1055986 3.0901628 3.1283564 2.9800796 3.5010673 2.9234204 3.0036670 4.6875345 3.2074471 3.4265424 3.2441038 2.8649590 2.6731190 2.7452313 2.8676792 2.9281499 3.0394670 3.0107173 4.0695756 3.2910304 3.8273120 4.4730436 3.9786044 4.1437641 4.1955361 
NEW_WP_037103106.1_1-322                                                 2.3383595 2.6276020 2.5916506 3.2049634 0.5538077 0.4985416 0.5222985 0.5266882 0.6193804 0.0770685 0.0000000 0.0122248 0.5169884 1.0897663 1.0972859 1.0970989 1.7621067 1.7917189 1.7716352 1.6581730 1.6060781 2.2647948 2.4866673 2.5090022 2.0194196 2.2045750 2.2406562 2.2423160 2.0783600 2.0995601 2.1234301 2.0972758 2.2058908 2.1783739 2.3236104 2.2266431 2.1642412 2.0103780 2.1417791 2.1580152 2.2973671 2.1995253 2.3806058 2.4446937 2.1779731 2.1848712 2.2207671 2.2669547 2.2351303 2.2080163 2.2526018 2.1405481 2.1317757 2.2254597 2.2729576 2.2975838 2.2963829 2.2085981 2.2012203 2.0374798 2.1983088 2.0809243 2.1549563 1.9419042 2.1007171 2.0501772 2.1492613 2.1535930 2.1535930 2.0743943 2.1036756 2.0925471 2.0907064 2.0895613 3.3424756 2.0511649 1.9128598 2.3618175 2.3796501 2.1813260 2.7885995 2.8961649 2.6819424 2.8459584 2.9932871 2.8110490 2.8164853 4.9794098 2.8560630 2.7036871 2.8337579 2.7459299 2.9059592 2.8250133 2.9861250 2.8442914 2.9597514 2.9788097 2.8990961 2.6355279 2.6935632 2.9202519 2.9087626 2.7423310 2.7734638 3.0128168 2.8982711 3.1110781 2.7815562 2.8556051 2.9495970 2.8805939 2.8029040 2.8869957 3.1236260 3.1477585 3.0974244 2.9334418 3.0905720 3.1093664 3.0138793 2.7780974 2.7050560 2.7903234 2.8255615 2.8624532 2.6939058 2.7508039 2.7296984 2.6236288 2.7714643 2.6803249 2.6659170 2.9689162 2.9713389 3.0228599 2.9816800 3.0458634 2.9552619 2.9526336 3.1387556 3.1566952 2.8312770 2.8060597 3.1074767 3.0700233 3.0839552 2.9684027 3.0216788 2.8571421 2.7788357 2.7477347 3.1459036 2.9679368 3.1951976 3.0052117 3.0221330 2.8463361 2.8473716 3.0863247 2.8885784 3.1272787 2.7730777 2.6812678 3.0384130 2.9394962 2.8263373 3.3876460 3.0975186 3.1953401 3.0822209 3.2043486 3.2477283 3.2000137 2.7761385 3.0692494 2.9210421 2.6909574 3.0166832 2.9352666 3.1047768 3.0938464 3.0676244 3.1102585 3.1310534 2.8454526 3.3329564 2.8361729 2.9172124 4.2702483 3.0896962 3.2584734 3.1838494 2.7937901 2.6288957 2.8283725 2.9293849 2.7441642 2.8881093 3.0793595 3.9654829 3.2463642 3.9048213 4.4208884 4.1069309 4.1333723 4.1735437 
NEW_WP_037072625.1_1-322                                                 2.3667615 2.6250826 2.5784378 3.2408817 0.5494300 0.4920956 0.5159094 0.5202893 0.6135558 0.0704515 0.0122248 0.0000000 0.5071536 1.0849862 1.0925090 1.0923097 1.7629004 1.7925082 1.7724278 1.6609871 1.6054732 2.2632316 2.4837676 2.5061518 2.0687554 2.2592642 2.2966250 2.2982857 2.0950549 2.1516416 2.1757449 2.1488084 2.2605177 2.2294635 2.2710322 2.2434925 2.1814091 2.0299958 2.1586285 2.1537451 2.3225921 2.1927614 2.3998363 2.4648164 2.1758697 2.2233222 2.2598010 2.3070100 2.2720254 2.2096538 2.2199571 2.1608083 2.1844619 2.2893964 2.2994434 2.3241779 2.3231225 2.2342552 2.2147862 2.0436518 2.2197512 2.0975165 2.1609587 1.9472521 2.1027464 2.0521286 2.1513603 2.1881950 2.1881950 2.1074040 2.1372837 2.1258603 2.1240749 2.1227570 3.3408479 2.0353610 1.9020705 2.3290123 2.3746535 2.1760415 2.7792139 2.8865178 2.6683298 2.8282027 2.9832361 2.8015458 2.8069677 4.9530208 2.8464487 2.6943540 2.8195457 2.7357319 2.8953004 2.8155092 2.9762144 2.8348381 2.9500519 2.9688541 2.8935907 2.6220421 2.6798056 2.9105597 2.8989477 2.7331747 2.7642171 3.0029016 2.8885629 3.1010081 2.7645994 2.8460357 2.9394213 2.8755990 2.7941651 2.8780989 3.1135601 3.1376701 3.0872462 2.9345207 3.0804138 3.0991994 2.9988735 2.7639985 2.6958730 2.7850895 2.8202930 2.8528411 2.6846600 2.7414748 2.7157978 2.6146009 2.7620583 2.6712802 2.6568311 2.9577299 2.9612065 3.0127005 2.9712292 3.0353068 2.9453400 2.9416677 3.1330913 3.1462306 2.8206804 2.7965623 3.0971754 3.0598598 3.0737474 2.9584228 3.0105227 2.8475217 2.7645994 2.7422531 3.1353953 2.9579271 3.1893310 2.9995766 3.0069710 2.8317895 2.8329094 3.0780957 2.8581922 3.1200967 2.7588481 2.6674791 3.0282634 2.9367857 2.8208465 3.3817674 3.0818530 3.1924394 3.0794032 3.1938998 3.2371919 3.1917573 2.7747178 3.0623129 2.9113580 2.6855964 3.0224166 2.9295112 3.1060122 3.0879750 3.0502245 3.1044267 3.1238344 2.8356649 3.3162705 2.8413052 2.9195060 4.1753746 3.0846574 3.2508458 3.1660601 2.8023279 2.6376258 2.8255552 2.9315297 2.7351393 2.8788092 3.0774496 3.9516002 3.2293893 3.9048213 4.3968084 4.1321389 4.1490152 4.1893838 
NEW_WP_037455053.1_1-310                                                 2.3716334 2.4445202 2.3676484 3.0340625 0.5214365 0.4960939 0.4930700 0.5089313 0.5451321 0.5364877 0.5169884 0.5071536 0.0000000 1.0565048 1.0607116 1.0641091 1.6176990 1.6512828 1.6265782 1.5513485 1.6188738 2.3550355 2.7802321 2.7935795 2.0107036 2.1423273 2.1627967 2.1175478 2.0036804 2.0662402 2.0055352 2.0137615 2.1416592 2.0829963 2.2393651 1.8996480 2.0763845 2.0083211 2.1224236 2.1369753 2.2189598 2.2352701 2.2094437 2.4370305 2.2247981 2.1608882 2.2024439 2.1437201 2.0493290 2.0040823 2.2204870 2.0894451 2.1812756 2.0529797 2.2853217 2.3782095 2.3696768 2.1812929 2.1710662 2.1624093 2.2216639 2.0865228 2.1808842 2.1594030 2.0728652 2.1843878 2.1033682 2.3052327 2.3052327 2.2507394 2.2878637 2.2646157 2.2916369 2.2858607 3.0192389 1.8299579 1.8550454 2.2673359 2.3628794 2.1644055 2.9188372 2.9115423 2.7571049 2.8234116 3.0551589 2.8771205 2.9077261 4.4733951 2.9529684 2.8218953 2.8769456 2.7229088 2.9285360 2.8816651 3.0415651 2.9712183 2.8696477 3.0463867 2.9702292 2.7420223 2.7865275 2.9237573 2.9726159 2.9302030 2.9264376 2.8800888 2.9285971 3.1643483 2.9354105 2.9584276 2.9502160 2.9425801 2.8449246 2.9221689 3.2871503 3.3090274 3.1590592 3.0100421 3.2567706 3.3139351 3.0592660 2.9797370 2.7639912 2.8429381 2.8302784 3.0138704 2.8666495 2.7299858 2.7882731 2.7324474 2.8380570 2.9142916 2.8804932 3.0232862 3.0000080 3.1315027 2.9761957 3.0588631 3.0731588 2.9717431 3.1143477 3.2887285 2.9331802 2.8824504 3.0983480 2.9798646 2.9291746 2.9320007 2.9903117 2.9696045 2.9266136 2.8010346 3.0981225 3.0726037 3.0527422 2.9780319 3.1102149 3.0129781 2.9523594 2.8683293 2.8953354 3.1143357 2.7397296 2.7549328 2.9926486 2.9544757 2.8294078 3.4186028 2.9767852 3.3603345 3.1694375 3.2958586 3.2990272 3.1991107 2.7341712 3.0406220 2.7954129 2.6819955 2.6446582 2.7677286 2.8118458 2.7860970 3.0019445 2.8385199 2.7804641 2.6907634 3.0840628 2.6420718 2.7094546 3.7545014 2.8727242 3.1172019 3.1177826 2.9230436 2.8703790 2.8589292 2.9073874 2.8860813 3.1206652 3.0673161 4.5100003 3.1451522 4.2343736 3.9408222 4.0565496 4.4189488 4.4248226 
NEW_WP_067461893.1_1-320                                                 2.2452891 2.4441131 2.4672659 2.6047693 1.0866088 0.9616722 0.9455932 1.0560873 1.0439022 1.0802313 1.0897663 1.0849862 1.0565048 0.0000000 0.0284220 0.0284431 1.4585664 1.4845859 1.4745037 1.3629003 1.5783813 1.8606557 2.4289183 2.4421459 1.9159903 2.0057486 1.9683970 1.9987565 1.9318452 1.9264014 2.0080926 1.9274377 2.1179588 1.8059724 1.8773007 1.9100290 1.8463634 1.9560796 1.9067529 1.9120723 2.1490930 2.1547888 2.2352890 2.2888838 2.0701281 1.9959728 2.0278549 1.9868792 2.1206419 2.0689871 2.0310728 2.0506189 1.9920559 2.0586240 2.0720075 2.0955779 2.0705411 1.9769221 1.9776664 2.2746635 1.9988034 1.9054631 2.1894649 2.1263281 2.4780752 2.2316537 2.0264462 2.1504169 2.1504169 2.1566131 2.1589909 2.1222696 2.1626351 2.0550166 3.1918586 1.8317380 1.9003063 2.2717144 2.6417507 2.5615031 2.7541170 2.8436642 2.7082705 2.7319422 2.7025749 2.6523830 2.6449731 3.6367447 2.6742628 2.5845228 2.7186934 2.6066141 2.6739497 2.6547903 2.7655243 2.8583432 2.8922244 2.8578800 2.5702041 2.7163184 2.7137132 2.7944335 2.7865279 2.7160651 2.7286846 2.7669024 2.9204041 2.9015561 2.7576043 2.8053976 2.6152608 2.5272626 2.7906691 2.7388138 2.8905549 2.9757820 2.7808918 2.7724723 2.8499292 2.9332041 2.9213860 2.7811575 2.5940149 2.3607688 2.3374415 2.5583210 2.5643811 2.6526328 2.5981520 2.4989639 2.5138570 2.5539307 2.5653152 2.6133423 2.6037561 2.6257607 2.6740472 2.6846768 2.7894539 2.6882311 2.8364876 2.8243871 2.4883810 2.7355856 2.6408608 2.6704977 2.6776336 2.6773420 2.6663143 2.4842393 2.7548492 2.7553415 2.9486539 2.6986184 2.7862001 2.7143389 2.6440899 2.5703320 2.5840632 2.8117932 2.6654585 2.9515918 2.8320196 2.8598165 2.6260150 2.9470588 2.8686534 3.0623422 2.9974400 2.8115681 2.7230968 2.9413016 2.9605308 3.0351271 2.4993889 2.7067005 2.8715818 2.7405923 2.7642177 2.8015703 2.9066554 2.7028839 2.6156952 2.6931767 2.7455187 2.4197919 2.8102117 2.6429132 2.7633960 3.4445568 2.9538147 2.9320543 2.7964829 2.5573459 2.7379894 2.6405987 2.6535220 2.8200449 2.9381371 3.0396111 3.4773187 3.1061713 3.9036159 3.6448420 3.5987506 3.6923591 3.6997927 
NEW_WP_067673946.1_1-320                                                 2.2233308 2.4737159 2.5163281 2.6496792 1.1148265 0.9679233 0.9351494 1.0356664 1.0437147 1.0821873 1.0972859 1.0925090 1.0607116 0.0284220 0.0000000 0.0125137 1.4708805 1.4970363 1.4869131 1.3727658 1.6031168 1.8845343 2.3672657 2.3801538 1.9132252 2.0028612 1.9886539 1.9958817 1.9340656 1.9286384 1.9555824 1.8971516 2.1148067 1.7800561 1.8866532 1.8903438 1.8364419 1.9502881 1.8804670 1.9052997 2.1679372 2.1483924 2.2686581 2.2721279 2.0573274 2.0439085 2.0765259 2.0111548 2.1453967 2.1260716 2.0132378 2.0365424 1.9895871 2.0339892 2.0685434 2.0920841 2.0670999 1.9464501 2.0103280 2.2345806 2.0196062 1.9349186 2.1462905 2.1080232 2.3783058 2.2080327 1.9577915 2.1401195 2.1401195 2.1462553 2.1486079 2.1121474 2.1522380 2.0466639 3.3106965 1.8340336 1.9637271 2.3347697 2.6744182 2.5039112 2.7127821 2.8044676 2.7116440 2.7096510 2.6805928 2.6270945 2.6443291 3.5582269 2.6735710 2.5599841 2.7282276 2.6184603 2.6346232 2.6157141 2.7646802 2.8471598 2.8797531 2.8485804 2.5567912 2.7049883 2.7023931 2.7584176 2.7917403 2.6868792 2.6993477 2.7531998 2.9111274 2.8575005 2.7436988 2.7965017 2.5633962 2.5334128 2.8447558 2.7915755 2.8880956 2.9731210 2.7970656 2.7843419 2.8720687 2.9524266 2.9245714 2.7539349 2.6298909 2.3759823 2.3525669 2.5382288 2.5441483 2.6313361 2.5722543 2.4291413 2.4943162 2.5657631 2.5635379 2.5837376 2.6448342 2.6045143 2.6774389 2.6588799 2.7621906 2.6667626 2.8126125 2.8337732 2.4603527 2.7712453 2.6491166 2.6696514 2.7102500 2.7168262 2.6999560 2.5015509 2.7830830 2.7836819 2.9519201 2.6725509 2.7916816 2.7474629 2.6665108 2.5756236 2.5893311 2.8051833 2.7336941 2.9419502 2.8621442 2.8936400 2.6751711 2.9444482 2.8967386 3.0955345 3.0006198 2.8295184 2.7207879 2.8885633 2.9030069 3.0509301 2.5037501 2.7371538 2.8765001 2.7029606 2.7990936 2.8323014 2.9699012 2.7323790 2.6484417 2.7223253 2.7759104 2.4972444 2.9064322 2.6763798 2.8368157 3.3119551 2.9795609 2.9653274 2.7898037 2.5378520 2.7974702 2.6587257 2.6996949 2.8366099 2.9255831 3.0513321 3.4955217 3.1860319 4.0232694 3.7513252 3.6800517 3.7893776 3.7974039 
NEW_WP_067499215.1_1-320                                                 2.2160232 2.4653412 2.4903459 2.6407280 1.0965441 0.9709181 0.9223182 1.0353270 1.0469399 1.0819640 1.0970989 1.0923097 1.0641091 0.0284431 0.0125137 0.0000000 1.4639985 1.4901202 1.4800038 1.3675113 1.5854931 1.9039643 2.3505743 2.3633850 1.9357122 2.0264135 2.0120118 2.0193269 1.9516417 1.9416325 1.9662144 1.9196321 2.1273954 1.8046307 1.9124369 1.9167265 1.8537217 1.9852154 1.9246458 1.9311497 2.1890792 2.1867311 2.3097966 2.3381232 2.0686310 2.0551021 2.0879459 2.0229413 2.2032363 2.1542949 2.0124163 2.0843415 2.0080000 2.0948370 2.0977510 2.1296780 2.1041646 1.9814212 2.0212648 2.2708665 1.9707667 1.9183111 2.1615033 2.1108770 2.4361891 2.2288001 2.0137965 2.1705511 2.1705511 2.1768377 2.1792542 2.1421855 2.1829084 2.0752723 3.2285838 1.8492066 1.9676211 2.3010838 2.6989656 2.5266537 2.7435114 2.8296577 2.7100603 2.7286912 2.6993841 2.6568319 2.6494181 3.5582269 2.6787100 2.5775901 2.7217663 2.6128434 2.6640352 2.6449813 2.7699777 2.8795575 2.9000474 2.8642153 2.5759081 2.7355909 2.7329730 2.7898607 2.8236647 2.6919532 2.7025331 2.7829419 2.9322098 2.8842864 2.7457321 2.8098388 2.5808045 2.5382336 2.8493841 2.7961108 2.8936071 2.9787979 2.7888157 2.7883119 2.8420264 2.9214411 2.9604303 2.7843068 2.6235394 2.3699959 2.3465905 2.5667025 2.5615162 2.6495677 2.5899343 2.4453358 2.5111185 2.5706796 2.5685463 2.6017088 2.6633814 2.5892739 2.6372998 2.6774243 2.7462432 2.6851227 2.8329492 2.8662916 2.4768796 2.7645622 2.6094062 2.6299630 2.6696259 2.6760610 2.6934047 2.5418009 2.7828688 2.7844664 2.9062352 2.7031042 2.8248562 2.7472312 2.6703066 2.5674526 2.5811654 2.7983674 2.7579959 2.9749759 2.8619536 2.8934603 2.6802593 2.9501086 2.9035507 3.1027784 2.9876342 2.8227122 2.7450406 2.8721644 2.8865190 3.0571743 2.4974774 2.7138788 2.8805665 2.7093446 2.8497295 2.8188487 2.9390693 2.7413810 2.6491630 2.7303181 2.7725584 2.4812435 2.8343366 2.6749038 2.8347030 3.3379312 3.0296883 2.9709584 2.8020336 2.5737688 2.8067476 2.6112064 2.6179434 2.7675459 2.8401915 2.9650035 3.5284138 3.1867459 4.0463485 3.7762623 3.6744191 3.8284654 3.8367886 
NEW_WP_044460365.1_1-281                                                 2.1359864 2.7618285 2.7779249 2.4725161 1.8555780 1.6608538 1.7035127 1.6544612 1.8117757 1.7489315 1.7621067 1.7629004 1.6176990 1.4585664 1.4708805 1.4639985 0.0000000 0.0103912 0.0069312 0.0034633 0.8157659 2.5159306 2.4029823 2.4144553 1.9784527 1.9398170 1.9346196 1.9972297 1.9528124 1.9451311 1.9814345 1.9965142 2.1507002 2.0619350 1.9293363 1.9427887 1.8768911 1.8764627 1.7829173 1.8011397 2.1837606 1.9896546 2.1488648 2.0984652 2.0554494 2.1777119 2.2165691 2.0672708 1.9720405 2.0106674 2.0520960 2.0045816 1.9587761 1.9636447 2.1568459 2.1527465 2.1379942 2.0020211 2.2078262 2.3418919 2.3378130 2.0868578 2.2493942 2.2788840 2.2137900 2.1982814 2.0831854 2.0362966 2.0362966 2.0553549 2.0677499 2.0397657 2.0310939 2.1539616 3.6512580 2.5706727 2.3953670 3.1760103 2.8889256 2.5960693 2.7623860 2.6717397 2.5524527 2.7706298 2.7274841 2.8140113 2.7543194 3.3839162 2.8074509 2.7100092 2.5836115 2.5317521 2.7063458 2.7110100 2.7587217 2.9063129 2.7015620 2.7841791 2.7170912 2.7906636 2.7372312 2.7855018 2.8366957 2.8497067 2.8771820 2.6974030 2.7665832 3.0176055 2.7449038 2.8037335 2.7835823 2.6390006 2.6761780 2.7099468 3.0012486 3.0160321 2.7967671 2.7888909 2.9876580 2.9941409 3.0084238 2.8446764 2.4311713 2.5776197 2.6059922 2.5789753 2.6668095 2.5893980 2.5014306 2.5459657 2.5251611 2.5055983 2.5920498 2.9023910 2.9218271 2.8267935 2.8596788 2.8094129 2.9522654 2.5963899 2.8967128 2.9895959 2.7762457 2.5624486 2.8088411 2.8441115 2.8328835 2.8911641 2.8660263 2.7919545 2.7026175 2.6773084 2.8475900 2.7884716 2.7147400 2.8250374 2.9271493 2.7453028 2.7191586 2.7185080 2.7721252 2.9832423 2.8509866 2.6812640 2.8640673 2.9014152 2.8494840 3.1592457 2.8696636 2.9196444 2.8116977 2.7459103 2.7578937 2.9245662 2.6449633 2.7598745 2.6838211 2.7209585 2.7757199 2.7415396 2.7393743 2.7307857 2.6984303 2.4984473 2.4985647 2.7725355 2.7788246 2.8165526 2.8558791 3.9115987 2.6521565 2.6820225 2.6778155 2.6015654 3.0679350 2.8972302 2.9052576 2.8881423 2.9923678 2.9119066 3.8417262 3.8160729 4.1798053 4.1138372 4.2106271 4.3142592 4.3993133 
NEW_WP_034495512.1_1-281                                                 2.1534976 2.7928102 2.8093053 2.4999959 1.8884964 1.6676808 1.7381438 1.6639588 1.8480702 1.7781705 1.7917189 1.7925082 1.6512828 1.4845859 1.4970363 1.4901202 0.0103912 0.0000000 0.0104137 0.0139054 0.8231956 2.5339406 2.3849039 2.3963052 1.9982618 1.9615230 1.9561951 2.0194860 1.9746691 1.9667510 2.0047544 2.0109709 2.1757860 2.0743380 1.9408767 1.9646991 1.8868658 1.8628900 1.7926323 1.8110359 2.1628978 2.0107795 2.1727159 2.0879097 2.0785943 2.2021441 2.2413529 2.0904563 1.9942989 2.0334886 2.0762700 2.0284160 1.9796410 1.9884475 2.1809460 2.1709181 2.1558892 2.0245812 2.2444494 2.3595741 2.3659903 2.1071902 2.2667934 2.2986683 2.2613518 2.2457989 2.1074550 2.0714107 2.0714107 2.0904151 2.1030590 2.0746026 2.0658070 2.1907331 3.6581900 2.6040162 2.3906561 3.1571354 2.9372837 2.6322672 2.8066328 2.7137702 2.5919682 2.8150633 2.7711059 2.8593416 2.7982597 3.3839162 2.8524469 2.7530522 2.6235341 2.5710187 2.7487248 2.7533058 2.7066826 2.9013007 2.7438509 2.8290261 2.7605415 2.8348585 2.7802837 2.8298457 2.8823667 2.8448806 2.8722683 2.7401110 2.8106485 3.0670116 2.7883380 2.8479277 2.8196013 2.6797629 2.7098982 2.7440886 3.0502292 3.0656344 2.8412246 2.7843014 3.0355315 3.0424654 3.0573608 2.8905280 2.4680339 2.5736258 2.6466902 2.6192376 2.7091117 2.6299288 2.5401967 2.5855278 2.5644662 2.5441847 2.6328074 2.8972917 2.9166632 2.8219482 2.8547916 2.8046379 2.9470062 2.6366506 2.8916372 3.0379858 2.8206807 2.6024987 2.8535472 2.8898844 2.8785326 2.9380741 2.8610829 2.8362772 2.7427552 2.7172319 2.8913274 2.8306423 2.7077820 2.8176263 2.9743246 2.7884418 2.7618092 2.7613292 2.8156256 3.0324189 2.8461613 2.7235559 2.8591689 2.9350261 2.8826440 3.1504688 2.8526551 2.9540316 2.8438116 2.7414455 2.7533962 2.9582155 2.6864878 2.8038463 2.7254493 2.7643618 2.7477412 2.7108405 2.7725473 2.7511498 2.7183301 2.5348774 2.5277292 2.8057014 2.7633466 2.8510586 2.8905900 3.9115987 2.6641047 2.6674495 2.6633817 2.5747854 3.1161977 2.9421973 2.9500635 2.9327727 3.0390907 2.9479837 3.8884571 3.8641450 4.2405306 4.1681532 4.2687377 4.2777546 4.3614613 
