82
WP_033838537.1 0.0000000 1.2557074 1.2937436 1.3390811 1.9406427 1.9769110 1.8987778 1.9048423 1.9459144 1.9606384 1.8832555 1.8832555 1.8791045 1.9480031 1.9357581 1.9072685 1.7283594 1.8991939 1.7787653 1.8677808 1.7803721 1.8616678 1.8357540 1.8704654 2.0170787 1.9924636 2.0001685 2.1286955 2.0137880 2.0512234 2.1351753 1.9572987 1.9555456 2.0014069 1.8826526 1.7966777 1.8890704 1.8224976 1.9125458 1.8921278 1.8173897 2.0043179 1.8078470 1.9691888 1.9756103 1.9160028 2.0371051 1.8856551 2.0108779 1.9183853 1.7800872 1.7903880 1.7903880 1.7390311 1.7390311 1.7797439 1.7797439 1.7834203 1.7834203 1.8203472 1.8203472 1.8104023 2.3390308 1.9944608 2.2165740 2.0853009 2.1272005 2.1062739 2.0967449 2.1216003 2.1216003 2.1551462 1.9301870 1.9113827 1.9058374 1.9646533 1.9809736 1.9837322 1.9776106 1.9529834 2.0107479 2.1871029 
CUH81468.1     1.2557074 0.0000000 0.0031267 0.4486050 2.3519330 2.3959498 2.5334182 2.5527300 2.5308236 2.5261181 2.4523536 2.4523536 2.4931229 2.5617380 2.5459825 2.5442797 2.4830004 2.4794638 2.1597829 2.3747589 2.3249469 2.4194754 2.4403767 2.4090190 2.2021086 2.6506588 2.5692214 2.6950401 2.5789388 2.6294808 2.6389520 2.3889503 2.3475842 2.3409644 2.3230829 2.5918763 2.3442767 2.0488332 2.1330522 2.1273585 2.1213777 2.4574567 2.2939858 2.4632275 2.2812437 2.4573605 2.4164232 2.4638091 2.4918684 2.3514419 2.4343544 2.4369568 2.4369568 2.3920950 2.3920950 2.4459461 2.4459461 2.4044379 2.4044379 2.4480198 2.4480198 2.3587874 2.1597607 2.1334590 2.2303119 2.0153945 2.0676856 2.2086786 2.2469401 2.2444410 2.2444410 2.0913497 2.0855349 2.1072786 2.1008594 2.3943144 2.4225448 2.4106429 2.3344666 2.5219725 2.4285551 2.9268361 
WP_058291633.1 1.2937436 0.0031267 0.0000000 0.4103085 2.2610957 2.3059243 2.4506938 2.4693228 2.4456378 2.4407298 2.3834378 2.3834378 2.4261651 2.4738796 2.4705673 2.4698213 2.3866655 2.4089490 2.1422557 2.3367358 2.2558390 2.4132992 2.4403767 2.2767002 2.1559086 2.5186787 2.4219817 2.6180092 2.5048631 2.5567441 2.5464490 2.3170296 2.3475842 2.2563227 2.2220959 2.5026702 2.2823652 2.0613315 2.1457605 2.1396623 2.1067798 2.5814234 2.2495599 2.4656213 2.1819434 2.4260681 2.3824776 2.4849682 2.4979949 2.4078437 2.4018967 2.4018967 2.4018967 2.3495701 2.3495701 2.4063994 2.4063994 2.3624310 2.3624310 2.4086689 2.4086689 2.3288532 2.1355240 2.1194021 2.2481317 1.9911711 2.0339452 2.2041029 2.2432035 2.2311849 2.2311849 2.0593334 2.1362853 2.1749345 2.1530680 2.4064544 2.4350033 2.4229376 2.4064544 2.4884369 2.4788261 2.9016637 
CUI85963.1     1.3390811 0.4486050 0.4103085 0.0000000 2.2021156 2.2238510 2.3086972 2.2265998 2.2494305 2.2838075 2.3581056 2.3581056 2.2462963 2.1871212 2.2006532 2.2453199 2.2223688 2.1951340 2.0306430 2.1411055 2.1998591 2.2520936 2.3285264 2.1489255 2.2669568 2.5534031 2.4968562 2.7301984 2.6127520 2.6645776 2.6678531 2.3969830 2.4735036 2.3721978 2.3321961 2.4279980 2.4673309 2.0779876 2.1403391 2.1031106 2.1543208 2.4760123 2.2056241 2.2513960 2.2072925 2.3219013 2.5829316 2.3533284 2.4379306 2.3786716 2.3107610 2.3153441 2.3153441 2.2982605 2.2982605 2.3127691 2.3127691 2.2762071 2.2762071 2.2943635 2.2943635 2.1907588 2.6298645 2.5821347 2.6501591 2.5347382 2.4394787 2.6356659 2.7259446 2.7542054 2.7542054 2.5737383 2.2285181 2.2639473 2.2570659 2.1720978 2.1978162 2.2177313 2.2533697 2.3552554 2.0960820 2.6718239 
WP_026438774.1 1.9406427 2.3519330 2.2610957 2.2021156 0.0000000 0.0132564 1.2680242 1.2181125 1.1985686 1.1794613 1.2212276 1.2212276 1.1908102 1.2695318 1.1990058 1.2772312 1.1345227 1.1712534 1.1355056 1.1284213 1.1065644 1.1689755 1.1114689 1.1125651 1.2313830 1.2273552 1.1924163 1.1416983 1.2216690 1.2227181 1.2495897 1.2085976 1.1873048 1.2656179 1.1852729 1.2547282 1.2579064 1.2244081 1.2093736 1.2435321 1.2655063 1.2786888 1.3349672 1.8334948 1.6465689 1.4934339 1.4712375 1.5511268 1.5256064 1.4778959 1.5126447 1.5126447 1.5126447 1.5113401 1.5113401 1.5044536 1.5044536 1.4887951 1.4887951 1.5039832 1.5039832 1.4822529 2.1224361 2.3223791 2.3127614 2.2209402 2.0758474 2.1934600 2.1276583 2.1246136 2.1246136 2.3901403 2.2431478 2.2011222 2.1876056 2.1152223 2.1003977 2.1312372 2.2078929 2.0803348 2.0305803 2.6936994 
WP_008493100.1 1.9769110 2.3959498 2.3059243 2.2238510 0.0132564 0.0000000 1.2859962 1.2419994 1.2412974 1.2217200 1.2650686 1.2650686 1.2261904 1.2880594 1.2324512 1.3127458 1.1795064 1.2172191 1.1777700 1.1733185 1.1277385 1.2157822 1.1593176 1.1596322 1.2798547 1.2433877 1.2182583 1.1648898 1.2562134 1.2572555 1.2860535 1.2530683 1.2337781 1.3178650 1.2302502 1.2899170 1.3026782 1.2233618 1.2083291 1.2424914 1.2644682 1.2812793 1.3263973 1.8823810 1.6549885 1.4940497 1.4733894 1.5648499 1.5391896 1.4579833 1.5401065 1.5401065 1.5401065 1.5387773 1.5387773 1.5317263 1.5317263 1.5156952 1.5156952 1.5312178 1.5312178 1.4744732 2.1422157 2.3603489 2.3326788 2.2574181 2.0900536 2.2126760 2.1463639 2.1433492 2.1433492 2.4018741 2.2527894 2.2104984 2.1969279 2.1256195 2.1107357 2.1417038 2.2179695 2.0940355 2.0337599 2.6788105 
WP_046642033.1 1.8987778 2.5334182 2.4506938 2.3086972 1.2680242 1.2859962 0.0000000 0.0903522 0.1751715 0.1864754 0.1501323 0.1501323 0.1860487 0.3460724 0.3869952 0.3948036 0.6116899 0.6239930 0.5168704 0.4844353 0.5970963 0.4745763 0.4377109 0.6559619 0.5610502 0.6351413 0.6143650 0.5600656 0.5897460 0.6013075 0.5907513 0.6153455 0.5911031 0.6729632 0.5526418 0.5433036 0.6375541 0.9581493 0.9395797 0.9288904 0.9282825 0.9741764 1.1640071 1.5090022 1.4418786 1.5100644 1.4043633 1.5845889 1.5888900 1.7057744 1.4746479 1.4746479 1.4746479 1.4753852 1.4753852 1.4688017 1.4688017 1.4522747 1.4522747 1.4664937 1.4664937 1.5505380 1.7391672 1.6382748 1.8207629 1.8952741 1.6254628 1.7941693 1.7545542 1.7956023 1.7956023 1.8480316 1.6684529 1.6746040 1.6941251 1.7879532 1.8063261 1.8279053 1.8052316 2.1367286 2.1294518 2.7432536 
WP_025591332.1 1.9048423 2.5527300 2.4693228 2.2265998 1.2181125 1.2419994 0.0903522 0.0000000 0.1341804 0.1384867 0.1557360 0.1557360 0.1654039 0.3058871 0.3426728 0.3490726 0.6088605 0.5978835 0.5046469 0.4752381 0.5804336 0.4782143 0.4410084 0.6614917 0.5504072 0.6457624 0.6536168 0.5804328 0.5958452 0.6075473 0.5878201 0.5861563 0.5542989 0.6603921 0.5525140 0.4983037 0.6056636 0.9257403 0.9267664 0.9166057 0.9060962 0.9742065 1.1613087 1.6174887 1.5134999 1.4549602 1.4258127 1.5053244 1.5382727 1.5949172 1.4312753 1.4312753 1.4312753 1.4382235 1.4382235 1.4318567 1.4318567 1.4158184 1.4158184 1.4295897 1.4295897 1.4910079 1.8950260 1.7666332 1.9860966 1.9304913 1.7235056 1.9151306 1.8773944 1.9215885 1.9215885 1.9206007 1.7261606 1.7324009 1.7526619 1.7506318 1.7705093 1.7894181 1.7877675 2.1052611 2.2434534 2.8181303 
WP_052212827.1 1.9459144 2.5308236 2.4456378 2.2494305 1.1985686 1.2412974 0.1751715 0.1341804 0.0000000 0.0274206 0.1641537 0.1641537 0.1610173 0.3051813 0.3412931 0.3542560 0.5852006 0.6120479 0.4917566 0.4792193 0.6073302 0.4720187 0.4290287 0.6763180 0.5209516 0.5967198 0.6230464 0.5351656 0.5508125 0.5563314 0.5608361 0.5447067 0.5128548 0.6439925 0.5735499 0.5475849 0.6042341 0.9375942 0.9217325 0.9057879 0.8959255 0.9176179 1.1717364 1.5132537 1.4492854 1.5418361 1.4081023 1.5140217 1.5432561 1.6098716 1.3821298 1.3821298 1.3821298 1.3910248 1.3910248 1.3848298 1.3848298 1.3691468 1.3691468 1.3825702 1.3825702 1.4505304 1.8704828 1.7370184 1.8802851 1.8964377 1.7410294 1.9413764 1.8958240 1.9406149 1.9406149 1.9053558 1.6915603 1.7171142 1.7371662 1.7724982 1.7925689 1.8117829 1.7903842 2.0550532 2.1594751 2.9908238 
WP_052224486.1 1.9606384 2.5261181 2.4407298 2.2838075 1.1794613 1.2217200 0.1864754 0.1384867 0.0274206 0.0000000 0.1720284 0.1720284 0.1725104 0.3237979 0.3557181 0.3622182 0.5757542 0.6030913 0.4737016 0.4726466 0.5894012 0.4676570 0.4244207 0.6625017 0.5156733 0.6049739 0.6251813 0.5326148 0.5458649 0.5513564 0.5436981 0.5417003 0.5096175 0.6369423 0.5632543 0.5267685 0.6104709 0.9431299 0.9262786 0.9102835 0.8978075 0.9292384 1.1978044 1.5363001 1.4670346 1.5426628 1.4065516 1.5187688 1.5519164 1.6113939 1.3947116 1.3947116 1.3947116 1.4070817 1.4070817 1.4007902 1.4007902 1.3848920 1.3848920 1.3985154 1.3985154 1.4673531 1.8734025 1.7318236 1.8715381 1.8976708 1.7397427 1.9411801 1.8982732 1.9431392 1.9431392 1.8690428 1.7250073 1.7312490 1.7515052 1.8288841 1.8495354 1.8696276 1.8441166 2.1112493 2.1931240 3.0687194 
WP_025418312.1 1.8832555 2.4523536 2.3834378 2.3581056 1.2212276 1.2650686 0.1501323 0.1557360 0.1641537 0.1720284 0.0000000 0.0000010 0.1731245 0.3627326 0.3748409 0.3955248 0.5841660 0.5922705 0.4799979 0.4566704 0.5707722 0.4670200 0.4420567 0.6147181 0.5440836 0.6213121 0.6035679 0.5799819 0.5752323 0.5877282 0.5987479 0.5513190 0.5222278 0.6166631 0.5514204 0.5275097 0.6283058 0.8936103 0.8856157 0.8837595 0.8620737 0.9679745 1.2033154 1.5110202 1.4050486 1.4301650 1.3865370 1.4478408 1.4645702 1.5953848 1.4505906 1.4505906 1.4505906 1.4643740 1.4643740 1.4581415 1.4581415 1.4417181 1.4417181 1.4558404 1.4558404 1.5052068 1.7705871 1.6552611 1.8100995 1.8259463 1.6281237 1.7796350 1.7591892 1.7719620 1.7719620 1.7831441 1.6625182 1.6734183 1.6879810 1.7815692 1.8017901 1.7815174 1.8141852 2.0836295 2.1315764 2.7234558 
AHG48966.1     1.8832555 2.4523536 2.3834378 2.3581056 1.2212276 1.2650686 0.1501323 0.1557360 0.1641537 0.1720284 0.0000010 0.0000000 0.1731245 0.3627326 0.3748409 0.3955248 0.5841660 0.5922705 0.4799979 0.4566704 0.5707722 0.4670200 0.4420567 0.6147181 0.5440836 0.6213121 0.6035679 0.5799819 0.5752323 0.5877282 0.5987479 0.5513190 0.5222278 0.6166631 0.5514204 0.5275097 0.6283058 0.8936103 0.8856157 0.8837595 0.8620737 0.9679745 1.2033154 1.5110202 1.4172279 1.4301650 1.3865370 1.4429044 1.4645702 1.5953848 1.4505906 1.4505906 1.4621543 1.4758393 1.4643740 1.4696390 1.4581415 1.4417181 1.4532858 1.4558404 1.4673560 1.5078154 1.7705871 1.6552611 1.8100995 1.8259463 1.6281237 1.7796350 1.7591892 1.7719620 1.7826525 1.7831441 1.6625182 1.6734183 1.6879810 1.7815692 1.8017901 1.7815174 1.8141852 2.0836295 2.1315764 2.7234558 
WP_069610514.1 1.8791045 2.4931229 2.4261651 2.2462963 1.1908102 1.2261904 0.1860487 0.1654039 0.1610173 0.1725104 0.1731245 0.1731245 0.0000000 0.3401885 0.3859026 0.3569078 0.5600411 0.5915351 0.4733775 0.4693407 0.5878717 0.4715779 0.4338228 0.6517671 0.5117692 0.5708934 0.5845780 0.5707638 0.5717292 0.5830595 0.5440289 0.5762502 0.5488593 0.6503321 0.5744240 0.5429158 0.6479549 0.8904800 0.8770860 0.8617335 0.8511397 0.9509648 1.1611643 1.5095867 1.4099763 1.4207857 1.4068382 1.4803556 1.5184719 1.5838720 1.3648835 1.3648835 1.3648835 1.3737143 1.3737143 1.3675826 1.3675826 1.3520305 1.3520305 1.3653236 1.3653236 1.4606637 1.7245766 1.6771441 1.8345216 1.7451737 1.6248985 1.8325020 1.7909864 1.8334167 1.8334167 1.7895107 1.6684940 1.6683061 1.6789562 1.7567906 1.7768029 1.7958742 1.8035984 2.1396668 2.1477758 2.8094095 
WP_040141254.1 1.9480031 2.5617380 2.4738796 2.1871212 1.2695318 1.2880594 0.3460724 0.3058871 0.3051813 0.3237979 0.3627326 0.3627326 0.3401885 0.0000000 0.1519852 0.2543386 0.5605053 0.5874527 0.4665438 0.4431987 0.5797003 0.4610964 0.4279682 0.6312402 0.5854772 0.6059843 0.6314658 0.5520426 0.5677580 0.5793064 0.6164084 0.6203183 0.5946218 0.6421662 0.5470805 0.5281818 0.6114762 0.9118965 0.9138302 0.8917474 0.8769932 0.9469400 1.1899371 1.4791768 1.4351046 1.4626772 1.4729633 1.4896986 1.5545445 1.4828720 1.5101499 1.5101499 1.5101499 1.5227732 1.5227732 1.5160685 1.5160685 1.4992907 1.4992907 1.5137544 1.5137544 1.5635432 1.8479946 1.7065862 1.8145665 1.8020837 1.5892020 1.9281513 1.8428784 1.8860015 1.8860015 1.7668257 1.7264363 1.6950617 1.7031509 1.8247732 1.8468973 1.8653321 1.8683650 2.0299857 2.2218112 2.7639000 
WP_051336481.1 1.9357581 2.5459825 2.4705673 2.2006532 1.1990058 1.2324512 0.3869952 0.3426728 0.3412931 0.3557181 0.3748409 0.3748409 0.3859026 0.1519852 0.0000000 0.2478913 0.5648729 0.5725544 0.4727330 0.4522809 0.5524816 0.4620899 0.4300456 0.6497663 0.5640530 0.6469900 0.6407599 0.5931860 0.6077454 0.6199490 0.6223664 0.6279866 0.6066168 0.6376387 0.5676792 0.5286670 0.5577739 0.9090935 0.9006705 0.8876474 0.8625758 0.9953651 1.1993725 1.4897798 1.3708496 1.4319666 1.4667570 1.5072029 1.5199412 1.5957974 1.4994506 1.4994506 1.4994506 1.4957390 1.4957390 1.4890738 1.4890738 1.4723653 1.4723653 1.4867540 1.4867540 1.5490227 1.8401821 1.6017279 1.7391398 1.7493215 1.5899049 1.8809848 1.8257302 1.8682244 1.8682244 1.7549399 1.6275140 1.6139654 1.6328862 1.8107253 1.8238625 1.8507650 1.8277146 1.9948753 2.1693066 2.6373958 
WP_003533717.1 1.9072685 2.5442797 2.4698213 2.2453199 1.2772312 1.3127458 0.3948036 0.3490726 0.3542560 0.3622182 0.3955248 0.3955248 0.3569078 0.2543386 0.2478913 0.0000000 0.5694043 0.5918194 0.4900636 0.4833498 0.5749020 0.4668772 0.4341021 0.6637188 0.5944027 0.6151134 0.6828456 0.5863258 0.5784783 0.5902989 0.5769746 0.6427526 0.6219822 0.6419024 0.5851886 0.5275648 0.6096353 0.9394991 0.9386639 0.9307141 0.9338487 1.0040853 1.2386272 1.4721654 1.4532649 1.4953240 1.5014491 1.5046866 1.5492202 1.5932227 1.5874030 1.5874030 1.5874030 1.6008478 1.6008478 1.5937006 1.5937006 1.5758850 1.5758850 1.5912734 1.5912734 1.6190730 1.9845201 1.7165073 1.9239919 1.9090191 1.7005557 2.0585851 1.9828601 2.0298466 2.0298466 1.9439391 1.7980963 1.7948505 1.8051412 1.9327743 1.9560261 1.9762188 1.9438837 2.0369575 2.2490767 2.9765157 
ODT69603.1     1.7283594 2.4830004 2.3866655 2.2223688 1.1345227 1.1795064 0.6116899 0.6088605 0.5852006 0.5757542 0.5841660 0.5841660 0.5600411 0.5605053 0.5648729 0.5694043 0.0000000 0.3878973 0.4698914 0.4112156 0.4296859 0.4966989 0.4644297 0.5147851 0.5579879 0.6236551 0.6011983 0.5861605 0.5670689 0.5800373 0.5920534 0.6246509 0.6223013 0.7136145 0.5858500 0.5897954 0.6683047 0.8320565 0.8659555 0.8598049 0.8350220 0.9889574 1.1756150 1.4672615 1.2714700 1.5433696 1.5194796 1.5612416 1.4465550 1.4795266 1.4990898 1.4990898 1.4990898 1.5177913 1.5177913 1.5108987 1.5108987 1.4936457 1.4936457 1.5085162 1.5085162 1.5700606 1.8394725 1.7607548 1.8948685 1.7053565 1.7091091 1.9110498 1.8554924 1.8974193 1.8974193 1.7975572 1.6483758 1.6212107 1.6442371 1.8388254 1.8498021 1.8806391 1.9044685 1.9466679 1.9092031 2.5306582 
WP_035098662.1 1.8991939 2.4794638 2.4089490 2.1951340 1.1712534 1.2172191 0.6239930 0.5978835 0.6120479 0.6030913 0.5922705 0.5922705 0.5915351 0.5874527 0.5725544 0.5918194 0.3878973 0.0000000 0.4530298 0.3927878 0.4171793 0.5400930 0.5155982 0.4748798 0.5293638 0.5738545 0.6019569 0.6315798 0.6274477 0.6401444 0.6460228 0.6445999 0.6232905 0.6721708 0.5861592 0.5562189 0.6585942 0.9039139 0.9365853 0.9134283 0.8665979 1.0022069 1.1953406 1.4328553 1.3876216 1.4577218 1.4401026 1.5304824 1.4424309 1.4124008 1.5028572 1.5028572 1.5028572 1.5316204 1.5316204 1.5246007 1.5246007 1.5070511 1.5070511 1.5221839 1.5221839 1.5655731 1.9111394 1.8931250 1.9949133 1.8547434 1.6683728 2.0121625 2.0117395 1.9668803 1.9668803 1.8941848 1.7460408 1.7576259 1.7825923 1.7734738 1.7840493 1.8135356 1.8320511 2.0887411 1.9712816 2.7463775 
WP_026792296.1 1.7787653 2.1597829 2.1422557 2.0306430 1.1355056 1.1777700 0.5168704 0.5046469 0.4917566 0.4737016 0.4799979 0.4799979 0.4733775 0.4665438 0.4727330 0.4900636 0.4698914 0.4530298 0.0000000 0.3081850 0.4521544 0.4112103 0.4014180 0.4752714 0.4559866 0.5159257 0.5406552 0.5634150 0.5562900 0.5690896 0.5844441 0.5811850 0.5717587 0.5758802 0.5439934 0.4707898 0.6408090 0.7371493 0.7872873 0.7862981 0.7442730 0.9364653 1.0682330 1.4107390 1.2645830 1.3046204 1.4632272 1.4914244 1.3689096 1.4878210 1.4807621 1.4807621 1.4807621 1.5179060 1.5179060 1.5109521 1.5109521 1.4935540 1.4935540 1.5085489 1.5085489 1.5541260 1.7978522 1.6925097 1.7771324 1.7151083 1.5696788 1.9042985 1.9249685 1.9382342 1.9382342 1.6525127 1.6627034 1.6470781 1.6705327 1.7770058 1.7975567 1.8172597 1.7720483 1.7976591 1.9401607 2.4998258 
WP_046796773.1 1.8677808 2.3747589 2.3367358 2.1411055 1.1284213 1.1733185 0.4844353 0.4752381 0.4792193 0.4726466 0.4566704 0.4566704 0.4693407 0.4431987 0.4522809 0.4833498 0.4112156 0.3927878 0.3081850 0.0000000 0.4159432 0.3953772 0.3834873 0.4021454 0.4371902 0.4560606 0.5033469 0.5420585 0.5413515 0.5525509 0.5512834 0.5272453 0.5147669 0.5406329 0.4449994 0.4576629 0.5579000 0.7849655 0.7870973 0.7645918 0.7487720 0.9438686 1.0394062 1.3303858 1.2362721 1.2551985 1.4013899 1.3027872 1.2153982 1.3546366 1.4337475 1.4337475 1.4337475 1.4285845 1.4285845 1.4220446 1.4220446 1.4055601 1.4055601 1.4079629 1.4079629 1.5037749 1.7829557 1.7052269 1.8402414 1.7027597 1.5499127 1.7918761 1.8326462 1.8457066 1.8457066 1.7781462 1.6773555 1.6685197 1.6854790 1.7024331 1.7118335 1.7401461 1.7374897 1.8265186 2.1222317 2.6256584 
WP_046144787.1 1.7803721 2.3249469 2.2558390 2.1998591 1.1065644 1.1277385 0.5970963 0.5804336 0.6073302 0.5894012 0.5707722 0.5707722 0.5878717 0.5797003 0.5524816 0.5749020 0.4296859 0.4171793 0.4521544 0.4159432 0.0000000 0.4699385 0.4637332 0.5115895 0.5129535 0.5630082 0.5866037 0.6104591 0.5814134 0.5944204 0.5933278 0.6159392 0.5947407 0.5885352 0.5203569 0.5159781 0.5945520 0.8236699 0.8505073 0.8269249 0.7862243 1.0770190 1.0975429 1.4619003 1.4676065 1.2910445 1.4119883 1.4867267 1.4759327 1.4191770 1.3625557 1.3625557 1.3625557 1.3718656 1.3718656 1.3611720 1.3611720 1.3455161 1.3455161 1.3588905 1.3588905 1.4005232 1.7487340 1.5740990 1.7921051 1.6965988 1.5821103 1.7796265 1.7363363 1.7523723 1.7523723 1.7557695 1.7452209 1.7360542 1.7688784 1.7133661 1.7017916 1.6980432 1.7582143 1.8691796 1.9342495 2.4882526 
WP_039905611.1 1.8616678 2.4194754 2.4132992 2.2520936 1.1689755 1.2157822 0.4745763 0.4782143 0.4720187 0.4676570 0.4670200 0.4670200 0.4715779 0.4610964 0.4620899 0.4668772 0.4966989 0.5400930 0.4112103 0.3953772 0.4699385 0.0000000 0.0034099 0.5385616 0.4907672 0.5574723 0.5326716 0.5991786 0.6187616 0.6312502 0.6237078 0.5867875 0.5374217 0.6038604 0.5170605 0.4690930 0.5352438 0.8180581 0.8466098 0.8150010 0.7630155 0.9758614 1.1840322 1.5289988 1.4025722 1.4595124 1.3805699 1.4682829 1.4439464 1.3582536 1.4544398 1.4544398 1.4544398 1.4877833 1.4877833 1.4810962 1.4810962 1.4643259 1.4643259 1.4787626 1.4787626 1.5124060 1.9178046 1.7464926 1.8832288 1.7594771 1.6732717 1.8650837 1.8578992 1.8711907 1.8711907 1.8514825 1.7070292 1.6927823 1.7316467 1.6664701 1.6761540 1.7038077 1.6902431 1.9017322 2.2946005 2.7779980 
GAA09995.1     1.8357540 2.4403767 2.4403767 2.3285264 1.1114689 1.1593176 0.4377109 0.4410084 0.4290287 0.4244207 0.4420567 0.4420567 0.4338228 0.4279682 0.4300456 0.4341021 0.4644297 0.5155982 0.4014180 0.3834873 0.4637332 0.0034099 0.0000000 0.5291000 0.4630031 0.5368886 0.5058277 0.5336735 0.5715781 0.5841496 0.5748971 0.5374217 0.5284311 0.5945028 0.5030858 0.4437343 0.5143179 0.8014200 0.8406970 0.8071721 0.7572152 0.9710068 1.1751948 1.5471794 1.3833172 1.4898271 1.3833452 1.4908307 1.4428206 1.3906506 1.4604689 1.4604689 1.4604689 1.4963144 1.4963144 1.4891163 1.4891163 1.4710846 1.4710846 1.4866117 1.4866117 1.5218107 1.9716791 1.7491134 1.8788513 1.7420678 1.6705686 1.8795092 1.8665953 1.8624134 1.8624134 1.8605229 1.7107685 1.7148632 1.7370207 1.6843930 1.6942513 1.7224916 1.6843930 1.9076941 2.3134679 2.7505888 
WP_011647215.1 1.8704654 2.4090190 2.2767002 2.1489255 1.1125651 1.1596322 0.6559619 0.6614917 0.6763180 0.6625017 0.6147181 0.6147181 0.6517671 0.6312402 0.6497663 0.6637188 0.5147851 0.4748798 0.4752714 0.4021454 0.5115895 0.5385616 0.5291000 0.0000000 0.6587547 0.6050603 0.5483261 0.6662744 0.6279504 0.6416492 0.6871029 0.6501065 0.6196419 0.6872201 0.5963218 0.5564056 0.6743255 0.8080095 0.8510289 0.8233885 0.7911539 1.0293547 1.2127807 1.4505784 1.2516883 1.4813218 1.3931200 1.4138135 1.3809033 1.4475830 1.5906379 1.6059530 1.6059530 1.6284576 1.6284576 1.6141601 1.6141601 1.5958047 1.5958047 1.6116633 1.6116633 1.6688420 1.7795329 1.8231483 2.0543843 1.8984223 1.6644732 2.0253367 2.0126174 2.0334090 2.0334090 1.9289500 1.9777521 1.9977925 2.0196425 1.9913108 1.9728412 1.9827168 2.1295792 2.1561397 1.9779148 2.2793494 
WP_043361268.1 2.0170787 2.2021086 2.1559086 2.2669568 1.2313830 1.2798547 0.5610502 0.5504072 0.5209516 0.5156733 0.5440836 0.5440836 0.5117692 0.5854772 0.5640530 0.5944027 0.5579879 0.5293638 0.4559866 0.4371902 0.5129535 0.4907672 0.4630031 0.6587547 0.0000000 0.5572793 0.6105870 0.6253352 0.6222404 0.6356940 0.6359378 0.6131642 0.5820100 0.6696489 0.5774608 0.5502203 0.6253069 0.8012644 0.7797638 0.7961473 0.7715204 0.9426639 1.2725623 1.5099603 1.4384042 1.3570398 1.4242973 1.4863140 1.3907378 1.4983056 1.5425318 1.5425318 1.5425318 1.5581304 1.5581304 1.5511276 1.5511276 1.5336440 1.5336440 1.5487318 1.5487318 1.6156873 1.8793596 1.6693313 1.9133798 1.7408416 1.8057358 1.9821390 1.9328906 1.9265058 1.9265058 2.0096782 1.8702353 1.8630798 1.8978639 1.8087121 1.8286036 1.8493656 1.8976297 2.0580525 2.1532193 2.6799826 
WP_061883560.1 1.9924636 2.6506588 2.5186787 2.5534031 1.2273552 1.2433877 0.6351413 0.6457624 0.5967198 0.6049739 0.6213121 0.6213121 0.5708934 0.6059843 0.6469900 0.6151134 0.6236551 0.5738545 0.5159257 0.4560606 0.5630082 0.5574723 0.5368886 0.6050603 0.5572793 0.0000000 0.2482940 0.5293144 0.5457468 0.5569539 0.5495688 0.6398008 0.6130189 0.6490289 0.6396600 0.6000963 0.6853266 0.7794963 0.7635462 0.7420182 0.7564079 0.8967468 1.2301183 1.5094493 1.4385743 1.4587990 1.5645973 1.4954580 1.4510401 1.5344058 1.6139674 1.6139674 1.6139674 1.5753362 1.5753362 1.5631002 1.5631002 1.5636469 1.5636469 1.5791675 1.5791675 1.6059786 2.0181725 1.9060610 2.0603279 1.9045268 1.8137613 2.0346989 2.0255935 2.0403100 2.0403100 1.9545794 1.9474868 1.9621176 1.9991621 1.9173937 1.9399325 1.9282331 1.9711756 2.0848988 2.2473964 2.6880914 
WP_041953450.1 2.0001685 2.5692214 2.4219817 2.4968562 1.1924163 1.2182583 0.6143650 0.6536168 0.6230464 0.6251813 0.6035679 0.6035679 0.5845780 0.6314658 0.6407599 0.6828456 0.6011983 0.6019569 0.5406552 0.5033469 0.5866037 0.5326716 0.5058277 0.5483261 0.6105870 0.2482940 0.0000000 0.5395763 0.5472582 0.5583762 0.5467799 0.5896288 0.5703317 0.7240447 0.6771258 0.6067405 0.6970142 0.8486748 0.8219101 0.7992053 0.8217990 0.8992985 1.1834804 1.6021127 1.4477016 1.4457105 1.5745516 1.5186920 1.5032238 1.6515777 1.5585172 1.5585172 1.5585172 1.5945265 1.5945265 1.5687931 1.5687931 1.5693395 1.5693395 1.5848642 1.5848642 1.6239906 1.9438319 1.9326407 2.1238331 1.9438881 1.8470304 2.0792834 2.0654439 2.0807119 2.0807119 2.0813890 2.0377101 2.0308929 2.0908205 1.8773331 1.8693471 1.8910459 1.9443550 1.9312188 2.1981156 2.7295488 
WP_066922337.1 2.1286955 2.6950401 2.6180092 2.7301984 1.1416983 1.1648898 0.5600656 0.5804328 0.5351656 0.5326148 0.5799819 0.5799819 0.5707638 0.5520426 0.5931860 0.5863258 0.5861605 0.6315798 0.5634150 0.5420585 0.6104591 0.5991786 0.5336735 0.6662744 0.6253352 0.5293144 0.5395763 0.0000000 0.1697692 0.1746005 0.1960673 0.4141452 0.3893051 0.6214269 0.6297822 0.6002154 0.6305585 0.8085384 0.8275747 0.7984613 0.8363014 0.9014437 1.1649110 1.4184426 1.3691569 1.5797147 1.6658525 1.5919673 1.5417217 1.6270904 1.4582886 1.4582886 1.4582886 1.4284262 1.4284262 1.4219099 1.4219099 1.4054826 1.4054826 1.4195790 1.4195790 1.4930348 1.9604852 1.8133568 2.0187885 1.8913453 1.8274577 1.9027890 1.8592533 1.8574494 1.8574494 1.9269257 1.8099587 1.8065426 1.8168959 1.8349202 1.8559949 1.8765333 1.9117876 1.9211318 1.9137606 2.6452571 
WP_056428342.1 2.0137880 2.5789388 2.5048631 2.6127520 1.2216690 1.2562134 0.5897460 0.5958452 0.5508125 0.5458649 0.5752323 0.5752323 0.5717292 0.5677580 0.6077454 0.5784783 0.5670689 0.6274477 0.5562900 0.5413515 0.5814134 0.6187616 0.5715781 0.6279504 0.6222404 0.5457468 0.5472582 0.1697692 0.0000000 0.0032738 0.1725311 0.4168420 0.4137704 0.6182839 0.6400400 0.6101918 0.6242182 0.8272959 0.8437285 0.8210047 0.8249218 0.8880200 1.1745009 1.4013298 1.4174166 1.5445498 1.6089290 1.5148972 1.4656221 1.5408257 1.4253718 1.4253718 1.4253718 1.4305054 1.4305054 1.4207367 1.4207367 1.4044146 1.4044146 1.4184197 1.4184197 1.4871645 1.9804105 1.7751321 1.9088338 1.9043842 1.8174956 1.9019726 1.8756958 1.9075559 1.9075559 1.8453091 1.7647497 1.8127828 1.8231749 1.9348513 1.9569039 1.9507139 1.9479590 1.9806811 1.9961223 2.7103157 
WP_056453370.1 2.0512234 2.6294808 2.5567441 2.6645776 1.2227181 1.2572555 0.6013075 0.6075473 0.5563314 0.5513564 0.5877282 0.5877282 0.5830595 0.5793064 0.6199490 0.5902989 0.5800373 0.6401444 0.5690896 0.5525509 0.5944204 0.6312502 0.5841496 0.6416492 0.6356940 0.5569539 0.5583762 0.1746005 0.0032738 0.0000000 0.1774963 0.4211161 0.4182879 0.6317289 0.6538501 0.6225765 0.6366801 0.8440854 0.8528443 0.8298268 0.8415237 0.8974214 1.1945603 1.4271584 1.4437501 1.5731412 1.6385510 1.5429181 1.4926114 1.5693284 1.4205144 1.4205144 1.4205144 1.4256291 1.4256291 1.4158829 1.4158829 1.3996023 1.3996023 1.4135675 1.4135675 1.4821787 2.0021315 1.8071746 1.9431242 1.9345664 1.8465482 1.9321517 1.9056257 1.9379361 1.9379361 1.8795973 1.7923071 1.8409229 1.8515508 1.9683939 1.9907348 1.9845130 1.9797700 2.0134070 2.0305086 2.7665520 
WP_056180727.1 2.1351753 2.6389520 2.5464490 2.6678531 1.2495897 1.2860535 0.5907513 0.5878201 0.5608361 0.5436981 0.5987479 0.5987479 0.5440289 0.6164084 0.6223664 0.5769746 0.5920534 0.6460228 0.5844441 0.5512834 0.5933278 0.6237078 0.5748971 0.6871029 0.6359378 0.5495688 0.5467799 0.1960673 0.1725311 0.1774963 0.0000000 0.4327770 0.4210362 0.6321904 0.6752112 0.6383618 0.6455506 0.8479294 0.8495801 0.8332523 0.8318026 0.9166466 1.1915388 1.4236068 1.4208348 1.5642339 1.6919795 1.5629590 1.5133963 1.6071786 1.4261765 1.4261765 1.4261765 1.4018428 1.4018428 1.3894732 1.3894732 1.3734692 1.3734692 1.3871720 1.3871720 1.4349692 1.9631812 1.7896765 1.9311128 1.8847534 1.7820290 2.0129136 1.9741768 2.0077847 2.0077847 1.8550577 1.7493406 1.7692435 1.7807392 1.8445614 1.8657223 1.8648759 1.9022120 1.9942512 1.9875923 2.8361466 
WP_043758568.1 1.9572987 2.3889503 2.3170296 2.3969830 1.2085976 1.2530683 0.6153455 0.5861563 0.5447067 0.5417003 0.5513190 0.5513190 0.5762502 0.6203183 0.6279866 0.6427526 0.6246509 0.6445999 0.5811850 0.5272453 0.6159392 0.5867875 0.5374217 0.6501065 0.6131642 0.6398008 0.5896288 0.4141452 0.4168420 0.4211161 0.4327770 0.0000000 0.0034773 0.7260511 0.6004425 0.6075577 0.6237509 0.9031586 0.8675752 0.8827205 0.8521185 0.9266038 1.2045965 1.4835373 1.4001170 1.4497387 1.5053579 1.4426305 1.4345718 1.3930781 1.4950316 1.4950316 1.4950316 1.5063213 1.5063213 1.4929935 1.4929935 1.4758272 1.4758272 1.4889831 1.4889831 1.4969465 1.8804521 1.7392357 2.0719486 1.8408110 1.7243119 1.9093514 1.9182640 1.9487628 1.9487628 1.8080025 1.8240624 1.8524655 1.8992730 1.7406620 1.7608305 1.7599184 1.8149086 1.9300857 2.2247022 2.7975849 
AIQ91419.1     1.9555456 2.3475842 2.3475842 2.4735036 1.1873048 1.2337781 0.5911031 0.5542989 0.5128548 0.5096175 0.5222278 0.5222278 0.5488593 0.5946218 0.6066168 0.6219822 0.6223013 0.6232905 0.5717587 0.5147669 0.5947407 0.5374217 0.5284311 0.6196419 0.5820100 0.6130189 0.5703317 0.3893051 0.4137704 0.4182879 0.4210362 0.0034773 0.0000000 0.6908147 0.5768492 0.5740781 0.5971092 0.8803242 0.8525889 0.8685734 0.8506655 0.9104070 1.2071272 1.5380668 1.4150995 1.4739507 1.5552918 1.4897836 1.4671476 1.3853746 1.4762188 1.4762188 1.4762188 1.4881346 1.4881346 1.4740696 1.4740696 1.4559540 1.4559540 1.4698427 1.4698427 1.4815055 1.8386803 1.6898160 2.0082622 1.7888053 1.6586344 1.8782157 1.8938924 1.8951976 1.8951976 1.7674416 1.7762622 1.8320170 1.8541507 1.7748850 1.7955243 1.7946286 1.7748850 1.8974380 2.2968682 2.8074156 
WP_025395837.1 2.0014069 2.3409644 2.2563227 2.3721978 1.2656179 1.3178650 0.6729632 0.6603921 0.6439925 0.6369423 0.6166631 0.6166631 0.6503321 0.6421662 0.6376387 0.6419024 0.7136145 0.6721708 0.5758802 0.5406329 0.5885352 0.6038604 0.5945028 0.6872201 0.6696489 0.6490289 0.7240447 0.6214269 0.6182839 0.6317289 0.6321904 0.7260511 0.6908147 0.0000000 0.2791290 0.6675654 0.6525105 0.9051234 0.9279686 0.9219200 0.9037776 1.1034765 1.3182132 1.3736245 1.4229097 1.3799765 1.4602753 1.3715122 1.3314536 1.5806657 1.8381318 1.8381318 1.8381318 1.8097545 1.8097545 1.7936972 1.7936972 1.7731167 1.7731167 1.7908734 1.7908734 1.8032734 1.9384917 1.8802420 2.0528225 1.9097950 1.7352944 1.9071961 1.9297914 1.9024572 1.9024572 1.8827301 1.7598530 1.7565721 1.7559106 1.8795473 1.9025144 1.9001333 1.9098955 2.0790508 2.2587449 2.7991007 
WP_013079543.1 1.8826526 2.3230829 2.2220959 2.3321961 1.1852729 1.2302502 0.5526418 0.5525140 0.5735499 0.5632543 0.5514204 0.5514204 0.5744240 0.5470805 0.5676792 0.5851886 0.5858500 0.5861592 0.5439934 0.4449994 0.5203569 0.5170605 0.5030858 0.5963218 0.5774608 0.6396600 0.6771258 0.6297822 0.6400400 0.6538501 0.6752112 0.6004425 0.5768492 0.2791290 0.0000000 0.5594993 0.6185886 0.8730434 0.8894119 0.8835493 0.8361398 1.0393776 1.1835705 1.4319673 1.4020506 1.3426281 1.4917314 1.3133777 1.2777899 1.4760187 1.6184105 1.6184105 1.6184105 1.6227556 1.6227556 1.6153591 1.6153591 1.5969394 1.5969394 1.6128538 1.6128538 1.6436694 1.9039341 1.7939813 1.9530359 1.8915027 1.6355661 1.8550572 1.8159963 1.8321847 1.8321847 1.8075426 1.7495833 1.7343666 1.7736511 1.8337764 1.8563994 1.8753178 1.8827183 2.0424984 2.1932308 2.8069340 
WP_061931873.1 1.7966777 2.5918763 2.5026702 2.4279980 1.2547282 1.2899170 0.5433036 0.4983037 0.5475849 0.5267685 0.5275097 0.5275097 0.5429158 0.5281818 0.5286670 0.5275648 0.5897954 0.5562189 0.4707898 0.4576629 0.5159781 0.4690930 0.4437343 0.5564056 0.5502203 0.6000963 0.6067405 0.6002154 0.6101918 0.6225765 0.6383618 0.6075577 0.5740781 0.6675654 0.5594993 0.0000000 0.5189940 0.8851827 0.9098737 0.8923139 0.8313932 0.9575896 1.1230372 1.5476039 1.5344587 1.4052949 1.4798386 1.4098472 1.4924635 1.4402268 1.4538877 1.4538877 1.4538877 1.4622221 1.4622221 1.4393428 1.4393428 1.4391231 1.4391231 1.4533296 1.4533296 1.5248391 1.8664903 1.6147685 1.8955791 1.8850162 1.6939726 1.8696178 1.8500692 1.8940701 1.8940701 1.9235608 1.7339648 1.7286102 1.7462329 1.8048635 1.8246647 1.8453045 1.8553677 1.9514320 2.0859268 2.7598755 
WP_060606503.1 1.8890704 2.3442767 2.2823652 2.4673309 1.2579064 1.3026782 0.6375541 0.6056636 0.6042341 0.6104709 0.6283058 0.6283058 0.6479549 0.6114762 0.5577739 0.6096353 0.6683047 0.6585942 0.6408090 0.5579000 0.5945520 0.5352438 0.5143179 0.6743255 0.6253069 0.6853266 0.6970142 0.6305585 0.6242182 0.6366801 0.6455506 0.6237509 0.5971092 0.6525105 0.6185886 0.5189940 0.0000000 0.8913548 0.9179375 0.9179749 0.8678817 0.9650143 1.3079270 1.6702928 1.5351583 1.4353461 1.4647730 1.4367189 1.3601804 1.5890985 1.5731596 1.5731596 1.5731596 1.5544833 1.5544833 1.5474219 1.5474219 1.5297860 1.5297860 1.5450040 1.5450040 1.6183813 1.9318974 1.7370597 1.9536805 1.8245667 1.7349088 1.9357775 1.9105671 1.9631464 1.9631464 1.8355121 1.7925386 1.7803725 1.8330155 1.7794339 1.8024075 1.8197308 1.8399878 2.0607291 2.0215609 3.2355164 
WP_063693486.1 1.8224976 2.0488332 2.0613315 2.0779876 1.2244081 1.2233618 0.9581493 0.9257403 0.9375942 0.9431299 0.8936103 0.8936103 0.8904800 0.9118965 0.9090935 0.9394991 0.8320565 0.9039139 0.7371493 0.7849655 0.8236699 0.8180581 0.8014200 0.8080095 0.8012644 0.7794963 0.8486748 0.8085384 0.8272959 0.8440854 0.8479294 0.9031586 0.8803242 0.9051234 0.8730434 0.8851827 0.8913548 0.0000000 0.0898381 0.0750948 0.1114300 0.9966829 1.1923810 1.4804074 1.4787896 1.5599843 1.6336858 1.5403397 1.4792682 1.5551160 1.6431859 1.6431859 1.6431859 1.6679136 1.6679136 1.6576665 1.6576665 1.6298173 1.6298173 1.6551004 1.6551004 1.6769201 1.9867987 1.9405531 2.0840694 1.9692294 1.8749314 2.0753350 2.0261352 2.0487691 2.0487691 2.0031803 1.8609036 1.8545169 1.8816937 1.9014605 1.9233414 1.9081316 1.8835293 1.9395641 1.9000281 2.9994551 
WP_039154502.1 1.9125458 2.1330522 2.1457605 2.1403391 1.2093736 1.2083291 0.9395797 0.9267664 0.9217325 0.9262786 0.8856157 0.8856157 0.8770860 0.9138302 0.9006705 0.9386639 0.8659555 0.9365853 0.7872873 0.7870973 0.8505073 0.8466098 0.8406970 0.8510289 0.7797638 0.7635462 0.8219101 0.8275747 0.8437285 0.8528443 0.8495801 0.8675752 0.8525889 0.9279686 0.8894119 0.9098737 0.9179375 0.0898381 0.0000000 0.0320175 0.1250945 1.0064332 1.2068009 1.5276338 1.5152066 1.6389264 1.6270074 1.5829091 1.4945665 1.6055268 1.6658217 1.6658217 1.6658217 1.6798966 1.6798966 1.6805256 1.6805256 1.6522433 1.6522433 1.6779198 1.6779198 1.6901789 1.9856857 1.9357544 2.1114521 2.0280563 1.8840983 2.1139324 2.0371839 2.0597645 2.0597645 2.0393426 1.8431565 1.8346159 1.8694250 1.9043512 1.9207495 1.9110638 1.8903596 2.0379059 1.9251744 3.0834359 
WP_014491494.1 1.8921278 2.1273585 2.1396623 2.1031106 1.2435321 1.2424914 0.9288904 0.9166057 0.9057879 0.9102835 0.8837595 0.8837595 0.8617335 0.8917474 0.8876474 0.9307141 0.8598049 0.9134283 0.7862981 0.7645918 0.8269249 0.8150010 0.8071721 0.8233885 0.7961473 0.7420182 0.7992053 0.7984613 0.8210047 0.8298268 0.8332523 0.8827205 0.8685734 0.9219200 0.8835493 0.8923139 0.9179749 0.0750948 0.0320175 0.0000000 0.1204156 1.0262429 1.1879690 1.5081885 1.5098149 1.6748105 1.6679127 1.5987263 1.5141245 1.6086192 1.6419536 1.6419536 1.6419536 1.6558267 1.6558267 1.6564170 1.6564170 1.6286010 1.6286010 1.6538540 1.6538540 1.7059953 1.9877154 1.9458435 2.1232362 2.0542033 1.8902540 2.0878794 2.0430610 2.0657369 2.0657369 2.0407714 1.8512492 1.8426477 1.8776331 1.8895392 1.9056651 1.8961370 1.8766133 2.0129181 1.9176576 3.1437696 
WP_038950686.1 1.8173897 2.1213777 2.1067798 2.1543208 1.2655063 1.2644682 0.9282825 0.9060962 0.8959255 0.8978075 0.8620737 0.8620737 0.8511397 0.8769932 0.8625758 0.9338487 0.8350220 0.8665979 0.7442730 0.7487720 0.7862243 0.7630155 0.7572152 0.7911539 0.7715204 0.7564079 0.8217990 0.8363014 0.8249218 0.8415237 0.8318026 0.8521185 0.8506655 0.9037776 0.8361398 0.8313932 0.8678817 0.1114300 0.1250945 0.1204156 0.0000000 0.9486090 1.1751921 1.4346962 1.4002012 1.5792744 1.4681650 1.4924267 1.4268280 1.5305448 1.5433373 1.5433373 1.5433373 1.5785853 1.5785853 1.5790677 1.5790677 1.5525291 1.5525291 1.5766088 1.5766088 1.6146829 1.9665675 1.9082654 2.0412253 1.9050848 1.8519323 2.0252751 1.9902057 2.0122437 2.0122437 1.8765256 1.7836519 1.7778165 1.8117084 1.7725821 1.7932570 1.7788201 1.7688916 1.8529588 1.9967746 2.9229529 
WP_046171371.1 2.0043179 2.4574567 2.5814234 2.4760123 1.2786888 1.2812793 0.9741764 0.9742065 0.9176179 0.9292384 0.9679745 0.9679745 0.9509648 0.9469400 0.9953651 1.0040853 0.9889574 1.0022069 0.9364653 0.9438686 1.0770190 0.9758614 0.9710068 1.0293547 0.9426639 0.8967468 0.8992985 0.9014437 0.8880200 0.8974214 0.9166466 0.9266038 0.9104070 1.1034765 1.0393776 0.9575896 0.9650143 0.9966829 1.0064332 1.0262429 0.9486090 0.0000000 1.2924093 1.5081239 1.4005686 1.6107465 1.6062588 1.4457675 1.5108714 1.4906011 1.4503754 1.4503754 1.4503754 1.4449717 1.4449717 1.4416107 1.4416107 1.4243872 1.4243872 1.4440413 1.4440413 1.4298932 1.7330909 1.7540829 1.8216266 1.7027030 1.7917377 1.8344548 1.8676515 1.8778308 1.8778308 1.8443555 1.7177042 1.7467803 1.7566981 1.9417580 1.9750953 1.9631876 1.8580859 1.9903604 1.8767361 3.0216696 
WP_023459641.1 1.8078470 2.2939858 2.2495599 2.2056241 1.3349672 1.3263973 1.1640071 1.1613087 1.1717364 1.1978044 1.2033154 1.2033154 1.1611643 1.1899371 1.1993725 1.2386272 1.1756150 1.1953406 1.0682330 1.0394062 1.0975429 1.1840322 1.1751948 1.2127807 1.2725623 1.2301183 1.1834804 1.1649110 1.1745009 1.1945603 1.1915388 1.2045965 1.2071272 1.3182132 1.1835705 1.1230372 1.3079270 1.1923810 1.2068009 1.1879690 1.1751921 1.2924093 0.0000000 1.2322050 1.2086412 1.2893426 1.1688519 1.2452334 1.2921162 1.3105577 1.2697489 1.2771903 1.2771903 1.2576830 1.2576830 1.2651957 1.2651957 1.2546896 1.2546896 1.2699796 1.2699796 1.3702305 1.9166232 1.8746876 2.0130246 1.8918549 1.8092380 1.7806953 1.7449830 1.7491421 1.7491421 1.8443988 1.9344255 1.9003673 1.9399878 2.0509373 2.0662566 2.0579895 2.0743715 1.9136662 2.1811716 2.6045657 
WP_067683577.1 1.9691888 2.4632275 2.4656213 2.2513960 1.8334948 1.8823810 1.5090022 1.6174887 1.5132537 1.5363001 1.5110202 1.5110202 1.5095867 1.4791768 1.4897798 1.4721654 1.4672615 1.4328553 1.4107390 1.3303858 1.4619003 1.5289988 1.5471794 1.4505784 1.5099603 1.5094493 1.6021127 1.4184426 1.4013298 1.4271584 1.4236068 1.4835373 1.5380668 1.3736245 1.4319673 1.5476039 1.6702928 1.4804074 1.5276338 1.5081885 1.4346962 1.5081239 1.2322050 0.0000000 0.5554468 1.0033679 0.8252369 0.9216531 0.8842083 0.9874164 1.6285386 1.6285386 1.6285386 1.6487738 1.6487738 1.6491985 1.6491985 1.6283171 1.6283171 1.6542628 1.6542628 1.7293954 1.9273385 1.7816966 1.9246911 1.9556818 1.7793900 1.9426274 1.9186959 1.9359737 1.9359737 1.9876065 1.8319119 1.8469423 1.8060995 2.1809160 2.2074474 2.2052416 2.2031678 2.2854638 2.0043283 2.1038343 
WP_047002605.1 1.9756103 2.2812437 2.1819434 2.2072925 1.6465689 1.6549885 1.4418786 1.5134999 1.4492854 1.4670346 1.4050486 1.4172279 1.4099763 1.4351046 1.3708496 1.4532649 1.2714700 1.3876216 1.2645830 1.2362721 1.4676065 1.4025722 1.3833172 1.2516883 1.4384042 1.4385743 1.4477016 1.3691569 1.4174166 1.4437501 1.4208348 1.4001170 1.4150995 1.4229097 1.4020506 1.5344587 1.5351583 1.4787896 1.5152066 1.5098149 1.4002012 1.4005686 1.2086412 0.5554468 0.0000000 0.9865329 0.8331703 0.9636626 0.9863460 1.0152062 1.7295407 1.7295407 1.7500511 1.7565720 1.7361397 1.7631518 1.7427228 1.7212259 1.7417326 1.7442955 1.7647031 1.8263213 1.8393274 1.8079196 1.7976405 1.7065581 1.6668529 1.8960376 1.9086867 1.9225616 1.9313451 1.8737286 1.7748137 1.7989948 1.7852377 1.9160130 1.9346630 1.9159529 1.9553838 2.1568030 2.0426119 2.1128397 
WP_068071815.1 1.9160028 2.4573605 2.4260681 2.3219013 1.4934339 1.4940497 1.5100644 1.4549602 1.5418361 1.5426628 1.4301650 1.4301650 1.4207857 1.4626772 1.4319666 1.4953240 1.5433696 1.4577218 1.3046204 1.2551985 1.2910445 1.4595124 1.4898271 1.4813218 1.3570398 1.4587990 1.4457105 1.5797147 1.5445498 1.5731412 1.5642339 1.4497387 1.4739507 1.3799765 1.3426281 1.4052949 1.4353461 1.5599843 1.6389264 1.6748105 1.5792744 1.6107465 1.2893426 1.0033679 0.9865329 0.0000000 0.6021263 0.6190875 0.5500800 0.8278558 1.6924743 1.6924743 1.6924743 1.6649638 1.6649638 1.6665458 1.6665458 1.6363399 1.6363399 1.6652113 1.6652113 1.6097842 2.0080896 1.9756293 1.9605968 1.9136230 1.8209108 1.8705956 1.9623153 1.9665815 1.9665815 1.9703485 1.9828561 1.9453958 1.9588084 2.1104010 2.1265479 2.1177889 2.1040232 2.2327490 2.1798627 2.2816127 
WP_030541087.1 2.0371051 2.4164232 2.3824776 2.5829316 1.4712375 1.4733894 1.4043633 1.4258127 1.4081023 1.4065516 1.3865370 1.3865370 1.4068382 1.4729633 1.4667570 1.5014491 1.5194796 1.4401026 1.4632272 1.4013899 1.4119883 1.3805699 1.3833452 1.3931200 1.4242973 1.5645973 1.5745516 1.6658525 1.6089290 1.6385510 1.6919795 1.5053579 1.5552918 1.4602753 1.4917314 1.4798386 1.4647730 1.6336858 1.6270074 1.6679127 1.4681650 1.6062588 1.1688519 0.8252369 0.8331703 0.6021263 0.0000000 0.6714795 0.6208586 0.8854219 1.6998415 1.6998415 1.6998415 1.7102697 1.7102697 1.7027183 1.7027183 1.6834717 1.6834717 1.6700089 1.6700089 1.7201044 2.0213156 1.8258118 2.0267280 1.7870785 1.7278177 1.7855387 1.7459359 1.7497828 1.7497828 1.9331323 1.9609890 1.9446000 1.9477947 2.1492986 2.1679568 2.1735908 2.0734479 2.0771333 2.2464077 2.1680541 
